2022 07 14 09   302   255 10067   240    20     5 -9999     0
2022 07 14 15   285   259 10082   170    20     5 -9999     0
2022 07 14 21   288   261 10063   210    40     2 -9999     0
2022 07 15 03   319   275 10089   230    30     5 -9999     0
2022 07 15 09   306   275 10073   240    20     7 -9999     0
2022 07 15 12   293   274 10083   210    20     7 -9999     0
2022 07 15 15   292   271 10084   230    20     7 -9999     0
2022 07 15 21   289   269 10065   240    30     3 -9999     0
2022 07 16 00   302   273 10076   240    30     7 -9999     0
2022 07 16 03   320   279 10081   240    30     6 -9999     0
2022 07 16 06   287   266 10085   270    30     7 -9999    30
2022 07 16 12   290   272 10082   240    30     7 -9999 -9999
2022 07 16 15   290   274 10088   230    30     7 -9999     0
2022 07 16 18   289   269 10079   220    40     7 -9999     0
2022 07 16 21   290   273 10074   220    50     6 -9999     0
2022 07 17 00   301   278 10081   230    30     3 -9999     0
2022 07 17 03   314   279 10085   250    30     6 -9999     0
2022 07 17 06   310   277 10073   250    40     6 -9999     0
2022 07 17 09   307   270 10061   240    40     6 -9999     0
2022 07 17 12   291   269 10069   240    30     2 -9999     0
2022 07 17 15   291   272 10078   230    30     2 -9999     0
2022 07 17 21   286   266 10061   220    40     2 -9999     0
2022 07 18 00   300   273 10070   230    40     5 -9999     0
2022 07 18 03   311   275 10077   210    30     5 -9999     0
2022 07 18 06   317   278 10065   210    40     6 -9999     0
2022 07 18 09   310   274 10055   200    20     6 -9999     0
2022 07 18 15   289   269 10085   200    20     3 -9999     0
2022 07 18 18   287   269 10070   180    20     2 -9999     0
2022 07 18 21   286   266 10069   160    30     3 -9999     0
2022 07 19 00   304   278 10080   170    20     6 -9999     0
2022 07 19 03   317   269 10086   210    20     3 -9999     0
2022 07 19 06   309   259 10076   160    10     6 -9999     0
2022 07 19 09   306   261 10076    40    10     6 -9999     0
2022 07 19 12   290   262 10089    80    30     5 -9999     0
2022 07 19 15   288   260 10099   100    30     2 -9999     0
2022 07 19 18   284   263 10088   120    10     2 -9999     0
2022 07 19 21   282   268 10092   130    20     2 -9999     0
2022 07 20 00   300   275 10105   120    20     1 -9999     0
2022 07 20 03   318   274 10111   150    40     1 -9999     0
2022 07 20 09   314   264 10107   170    20     3 -9999     0
2022 07 20 12   293   264 10120   150    10     2 -9999     0
2022 07 20 15   288   266 10128   150    20     2 -9999     0
2022 07 20 18   276   264 10122    80    10     2 -9999     0
2022 07 20 21   277   263 10118    80    10     2 -9999     0
2022 07 21 00   305   272 10135    70    20     2 -9999     0
2022 07 21 03   321   281 10135    60    30     2 -9999     0
2022 07 21 06   323   274 10125    90    20     2 -9999     0
2022 07 21 09   317   277 10111    20    30     2 -9999     0
2022 07 21 12   293   271 10121    20    30     1 -9999     0
2022 07 21 18   285   276 10115   360    20     2 -9999    10
2022 07 21 21   283   278 10118   340    10     2 -9999 -9999
2022 07 22 00   310   278 10125   360    20     2 -9999 -9999
2022 07 22 03   322   282 10123    10    20     2 -9999     0
2022 07 22 06   328   273 10111   360    20     1 -9999     0
2022 07 22 09   313   265 10102    10    20     1 -9999     0
2022 07 22 12   289   261 10109    60    20     2 -9999     0
2022 07 22 15   291   254 10115   120    10     1 -9999     0
2022 07 22 18   287   260 10104   130    10     1 -9999     0
2022 07 22 21   280   270 10096   350    10     1 -9999     0
2022 07 23 00   312   276 10104   360    20     2 -9999     0
2022 07 23 03   328   279 10103   360    20     2 -9999     0
2022 07 23 06   334   275 10095   350    20     2 -9999     0
2022 07 23 12   292   256 10095   340    10     1 -9999     0
2022 07 23 15   268   250 10096     0     0     1 -9999     0
2022 07 23 18   283   253 10082   180    20     1 -9999     0
2022 07 23 21   281   255 10078   200    20     1 -9999     0
2022 07 24 00   304   261 10092   270    10     2 -9999     0
2022 07 24 03   326   260 10095   320    30     2 -9999     0
2022 07 24 06   338   255 10078   320    30     1 -9999     0
2022 07 24 09   318   248 10072   250    10     1 -9999     0
2022 07 24 12   292   248 10080   270    10     1 -9999     0
2022 07 24 15   269   246 10091   210    10     1 -9999     0
2022 07 24 18   273   246 10079   190    10     1 -9999     0
2022 07 24 21   278   246 10083   240    10     1 -9999     0
2022 07 25 00   297   254 10098   270    20     2 -9999     0
2022 07 25 03   313   261 10099   300    10     3 -9999     0
2022 07 25 06   313   246 10090   240    20     2 -9999     0
2022 07 25 09   318   250 10079   360    10     1 -9999     0
2022 07 25 12   277   249 10088     0     0     1 -9999     0
2022 07 25 15   281   250 10099   170    10     1 -9999     0
2022 07 25 18   282   250 10088   150    20     1 -9999     0
2022 07 25 21   270   250 10082   170    10     2 -9999     0
2022 07 26 00   303   253 10097   240    10     2 -9999     0
2022 07 26 03   311   259 10100   330    10     3 -9999     0
2022 07 26 06   318   255 10086   330    10     3 -9999     0
2022 07 26 09   319   251 10073   360    10     2 -9999     0
2022 07 26 12   276   248 10081     0     0     2 -9999     0
2022 07 26 15   271   251 10093    10    10     2 -9999     0
2022 07 26 18   275   251 10075   150    10     2 -9999     0
2022 07 26 21   275   253 10074   180    10     1 -9999     0
2022 07 27 00   310   266 10084   330    10     2 -9999     0
2022 07 27 03   325   264 10092   340    10     3 -9999     0
2022 07 27 06   342   264 10081   350    10     3 -9999     0
2022 07 27 09   325   265 10071   350    10     2 -9999     0
2022 07 27 12   287   251 10081     0     0     2 -9999     0
2022 07 27 15   271   249 10081     0     0     2 -9999     0
2022 07 27 18   267   251 10075     0     0     1 -9999     0
2022 07 28 00   312   256 10080   310    20     2 -9999     0
2022 07 28 03   323   251 10081   310    10     2 -9999     0
2022 07 28 06   333   258 10071   330    10     2 -9999     0
2022 07 28 09   318   253 10060   300    20     2 -9999     0
2022 07 28 12   295   248 10070   260    10     2 -9999     0
2022 07 28 18   277   246 10063   250    10     2 -9999     0
2022 07 28 21   271   244 10059   280    10     1 -9999     0
2022 07 29 00   303   247 10069   290    10     2 -9999     0
2022 07 29 03   312   250 10074   280    20     2 -9999     0
2022 07 29 06   327   250 10059   270    20     1 -9999     0
2022 07 29 09   316   250 10039   270    20     2 -9999     0
2022 07 29 12   294   249 10055   310    10     1 -9999     0
2022 07 29 15   275   255 10064     0     0     1 -9999     0
2022 07 29 18   280   259 10053   310    10     1 -9999     0
2022 07 29 21   287   254 10045   260    20     2 -9999     0
2022 07 30 00   309   257 10055   270    20     1 -9999     0
2022 07 30 03   322   267 10057   280    30     2 -9999     0
2022 07 30 06   336   266 10048   300    30     2 -9999     0
2022 07 30 09   319   263 10037   260    20     1 -9999     0
2022 07 30 12   301   263 10052   260    20     1 -9999     0
2022 07 30 21   291   257 10045   240    20     1 -9999     0
2022 07 31 00   305   258 10055   260    20     2 -9999     0
2022 07 31 03   324   260 10067   270    20     2 -9999     0
2022 07 31 06   329   257 10053   250    20     2 -9999     0
2022 07 31 12   291   244 10055   210    10     2 -9999     0
2022 07 31 15   293   259 10070   210    20     2 -9999     0
2022 07 31 18   293   261 10057   200    20     2 -9999     0
2022 07 31 21   295   263 10063   220    30     2 -9999     0
2022 08 01 00   310   261 10076   230    20     5 -9999     0
2022 08 01 03   325   265 10080   240    20     6 -9999     0
2022 08 01 06   319   259 10069    50    10     2 -9999     0
2022 08 01 12   303   258 10071   130    10     6 -9999     0
2022 08 01 18   296   260 10075   180    30     2 -9999     0
2022 08 01 21   292   259 10073   200    20     2 -9999     0
2022 08 02 00   307   258 10081   220    20     5 -9999     0
2022 08 02 03   328   262 10085   340    10     6 -9999     0
2022 08 02 06   341   274 10071    10    30     5 -9999     0
2022 08 02 09   299   256 10072    90    50     7 -9999     0
2022 08 02 15   278   245 10090   140    20     3 -9999     0
2022 08 02 18   281   245 10075   150    20     2 -9999     0
2022 08 02 21   279   247 10066   270    10     2 -9999     0
2022 08 03 00   295   257 10069   330    20     6 -9999     0
2022 08 03 03   263   254 10077   310    10     8 -9999 -9999
2022 08 03 06   273   257 10064   350    20     8 -9999   180
2022 08 03 09   278   250 10051   300    10     8 -9999 -9999
2022 08 03 15   279   251 10068   210    40     8 -9999     0
2022 08 03 18   271   259 10057   170    50     8 -9999    10
2022 08 03 21   252   248 10063   240    30     8 -9999 -9999
2022 08 04 03   267   255 10081   170    40     8 -9999 -9999
2022 08 04 09   269   239 10068   230    50     8 -9999 -9999
2022 08 04 12   268   257 10078   190    40     8 -9999 -9999
2022 08 04 15   277   259 10097   180    40     8 -9999     0
2022 08 04 18   282   257 10083   160    40     8 -9999     1
2022 08 04 21   266   237 10084   220    20     8 -9999     0
2022 08 05 00   298   260 10088   130    30     5 -9999     0
2022 08 05 03   318   267 10097   160    30     2 -9999     0
2022 08 05 06   317   266 10085   160    30     2 -9999     0
2022 08 05 09   309   253 10078   140    10     2 -9999     0
2022 08 05 12   281   255 10093    80    10     2 -9999     0
2022 08 05 15   281   261 10096    60    20     3 -9999     0
2022 08 05 18   274   260 10079    80    30     2 -9999     0
2022 08 05 21   282   252 10074    70    40     3 -9999     0
2022 08 06 00   304   267 10080    90    50     5 -9999     0
2022 08 06 03   317   270 10081    90    50     3 -9999     0
2022 08 06 12   297   266 10067    80    50     5 -9999     0
2022 08 06 15   296   268 10074    80    50     3 -9999     0
2022 08 06 18   290   264 10064    80    50     3 -9999     5
2022 08 06 21   292   264 10059   100    60     2 -9999 -9999
2022 08 07 00   303   267 10068    90    70     3 -9999 -9999
2022 08 07 03   316   273 10069   110    40     2 -9999     0
2022 08 07 06   314   258 10060   150    40     2 -9999     0
2022 08 07 09   303   263 10054   120    20     3 -9999     0
2022 08 07 12   290   258 10070   130    20     2 -9999     0
2022 08 07 15   291   262 10085   120    30     3 -9999     0
2022 08 07 18   278   257 10070   130    20     3 -9999    10
2022 08 07 21   263   255 10068   140    10     3 -9999 -9999
2022 08 08 00   271   241 10071   130    20     7 -9999 -9999
2022 08 08 03   306   265 10077   110    30     6 -9999     0
2022 08 08 06   292   269 10060   100    20     6 -9999    40
2022 08 08 12   276   251 10060   120    40     7 -9999 -9999
2022 08 08 15   273   251 10069   110    40     7 -9999 -9999
2022 08 08 18   281   252 10048   100    60     7 -9999    90
2022 08 08 21   261   253 10046   130    50     7 -9999 -9999
2022 08 09 00   254   247 10055   120    70     8 -9999 -9999
2022 08 09 03   256   248 10061   130    70     8 -9999 -9999
2022 08 09 06   264   254 10042   130    80     8 -9999   420
2022 08 09 09   257   248 10039   140   120     8 -9999 -9999
2022 08 09 12   281   258 10046   130    90     8 -9999 -9999
2022 08 09 15   264   250 10067   120    80     8 -9999 -9999
2022 08 09 21   268   261 10047   150    90     8 -9999 -9999
2022 08 10 03   287   265 10063   160   120     8 -9999     0
2022 08 10 06   281   267 10055   190    80     8 -9999     7
2022 08 10 09   276   262 10066   150    70     8 -9999 -9999
2022 08 11 03   303   267 10095   150    50     6 -9999     0
2022 08 11 06   261   252 10094   180    40     8 -9999    50
2022 08 11 12   266   256 10096   120    40     8 -9999 -9999
2022 08 11 15   270   254 10103   150    50     5 -9999     0
2022 08 11 18   273   257 10096   150    60     2 -9999     0
2022 08 11 21   275   255 10086   150    50     2 -9999     0
2022 08 12 03   318   277 10103   180    50     2 -9999     0
2022 08 12 06   319   268 10097   190    40     2 -9999     0
2022 08 12 09   307   262 10082   170    30     3 -9999     0
2022 08 12 12   284   256 10093   160    30     2 -9999     0
2022 08 12 15   285   257 10108   220    40     1 -9999     0
2022 08 12 18   278   256 10086   190    30     1 -9999     0
2022 08 12 21   275   256 10079   190    30     1 -9999     0
2022 08 13 00   290   262 10092   210    30     3 -9999     0
2022 08 13 03   304   265 10101   220    40     5 -9999     0
2022 08 13 06   312   268 10091   240    40     2 -9999     0
2022 08 13 09   294   256 10077     0     0     3 -9999     0
2022 08 13 12   274   262 10083     0     0     2 -9999     0
2022 08 13 15   273   261 10096   210    10     1 -9999     0
2022 08 13 18   273   260 10080   230    10     1 -9999     0
2022 08 13 21   261   252 10079     0     0     1 -9999     0
2022 08 14 00   307   260 10085   330    20     1 -9999     0
2022 08 14 03   321   256 10090   360    20     2 -9999     0
2022 08 14 06   324   267 10077   360    20     2 -9999     0
2022 08 14 09   311   263 10069    10    10     5 -9999     0
2022 08 14 12   288   262 10074    50    20     3 -9999     0
2022 08 14 15   291   257 10083    80    40     3 -9999     0
2022 08 14 18   287   267 10068   110    30     3 -9999     0
2022 08 14 21   283   258 10063    80    20     2 -9999     0
2022 08 15 00   307   271 10069    50    30     3 -9999     0
2022 08 15 03   313   275 10077    20    20     7 -9999 -9999
2022 08 15 06   267   242 10065    60   110     7 -9999    10
2022 08 15 09   268   252 10064    50    40     7 -9999 -9999
2022 08 15 12   263   256 10070   120    40     8 -9999 -9999
2022 08 15 15   263   249 10063    40    50     8 -9999     0
2022 08 15 18   277   255 10054    90    80     5 -9999     4
2022 08 15 21   282   255 10053   120    60     5 -9999 -9999
2022 08 16 00   288   270 10061   180    50     3 -9999 -9999
2022 08 16 03   302   266 10067   210    50     5 -9999 -9999
2022 08 16 09   296   264 10051   230    40     2 -9999 -9999
2022 08 16 12   277   249 10068   220    10     2 -9999 -9999
2022 08 16 15   275   251 10079   140    40     2 -9999     0
2022 08 16 18   277   244 10066   160    60     3 -9999     0
2022 08 16 21   270   251 10061   210    40     3 -9999     0
2022 08 17 00   297   261 10071   170    40     3 -9999     0
2022 08 17 03   315   268 10077   190    40     5 -9999     0
2022 08 17 06   273   262 10068   300    20     7 -9999    50
2022 08 17 09   272   264 10062    40    10     8 -9999 -9999
2022 08 17 12   266   257 10067     0     0     2 -9999 -9999
2022 08 17 15   274   259 10081    90    30     2 -9999     0
2022 08 17 18   274   254 10065   140    30     2 -9999     0
2022 08 17 21   275   257 10056   120    20     2 -9999     0
2022 08 18 00   294   261 10068   200    40     3 -9999     0
2022 08 18 03   312   252 10075   220    20     2 -9999     0
2022 08 18 06   305   249 10056   270    10     5 -9999     0
2022 08 18 09   301   254 10054   360    20     6 -9999     0
2022 08 18 12   273   259 10067    90    90     8 -9999 -9999
2022 08 18 15   264   247 10073   140    30     8 -9999 -9999
2022 08 18 18   269   247 10057   180    30     8 -9999    20
2022 08 18 21   272   252 10054   210    40     8 -9999 -9999
2022 08 19 00   285   249 10063   210    50     6 -9999 -9999
2022 08 19 03   267   255 10070   250    50     8 -9999 -9999
2022 08 19 06   301   258 10055   190    80     5 -9999    60
2022 08 19 15   278   250 10090   180    90     2 -9999 -9999
2022 08 19 18   264   235 10083   180   110     2 -9999    -1
2022 08 19 21   273   246 10079   180    80     2 -9999     0
2022 08 20 00   299   261 10092   160    60     3 -9999 -9999
2022 08 20 03   312   269 10100   160    60     4 -9999     0
2022 08 20 06   273   236 10099   180   100     7 -9999    -1
2022 08 20 09   276   254 10088   170    50     5 -9999 -9999
2022 08 20 15   277   256 10106   150    30     3 -9999     0
2022 08 20 18   278   258 10094   110    20     3 -9999     0
2022 08 20 21   261   251 10086    50    10     5 -9999 -9999
2022 08 21 00   287   269 10103   200    30     3 -9999 -9999
2022 08 21 03   311   271 10101   210    30     4 -9999     0
2022 08 21 06   308   260 10085   120    30     4 -9999     0
2022 08 21 09   311   259 10079   260    20     5 -9999     0
2022 08 21 12   283   253 10095   250    10     2 -9999     0
2022 08 21 18   279   254 10069   270    20     2 -9999     0
2022 08 21 21   280   257 10073   260    30     2 -9999     0
2022 08 22 00   295   261 10084   280    30     2 -9999     0
2022 08 22 03   320   265 10087   310    60     3 -9999     0
2022 08 22 06   329   272 10070   320    50     5 -9999     0
2022 08 22 09   313   266 10063   310    70     3 -9999     0
2022 08 22 12   291   267 10069   310    50     2 -9999     0
2022 08 22 15   288   264 10074   270    20     2 -9999     0
2022 08 22 18   285   265 10061   290    30     2 -9999     0
2022 08 22 21   283   264 10063   320    20     2 -9999     0
2022 08 23 00   309   274 10069   330    30     3 -9999     0
2022 08 23 03   332   287 10065   350    30     6 -9999     0
2022 08 23 06   334   286 10045   360    30     6 -9999     0
2022 08 23 09   314   275 10038    10    40     5 -9999     0
2022 08 23 12   293   263 10045    10    30     4 -9999     0
2022 08 23 15   292   264 10050    20    50     4 -9999     0
2022 08 23 18   263   248 10037    40   110     5 -9999     2
2022 08 23 21   276   264 10007    30   200     8 -9999 -9999
2022 08 24 00   285   258 10002    70   170     7 -9999 -9999
2022 08 24 03   297   264  9992    80   180     6 -9999 -9999
2022 08 24 06   274   260  9966   100   118     8 -9999    20
2022 08 24 09   278   249  9983   150   200     6 -9999 -9999
2022 08 24 15   274   223 10054   170   170     4 -9999     0
2022 08 24 18   277   253 10053   170   130     5 -9999    10
2022 08 24 21   279   255 10058   170   100     5 -9999 -9999
2022 08 25 00   295   259 10078   150   100     5 -9999 -9999
2022 08 25 03   304   273 10094   160    90     6 -9999     0
2022 08 25 06   302   269 10085   160    90     6 -9999    30
2022 08 25 09   288   268 10091   180    80     7 -9999 -9999
2022 08 26 00   290   272 10120   130    20     6 -9999 -9999
2022 08 26 03   310   281 10124   190    20     5 -9999     0
2022 08 26 06   305   265 10106   220    40     4 -9999     0
2022 08 26 09   296   262 10106   240    20     4 -9999     0
2022 08 26 15   266   261 10131     0     0     3 -9999     0
2022 08 26 18   274   263 10113   300    20     2 -9999     0
2022 08 26 21   273   261 10103   300    30     2 -9999     0
2022 08 27 03   318   272 10107   310    70     2 -9999     0
2022 08 27 06   323   268 10089   330    60     2 -9999     0
2022 08 27 09   311   265 10079   300    50     3 -9999     0
2022 08 27 12   285   263 10087   280    30     2 -9999     0
2022 08 27 15   279   261 10093   270    20     2 -9999     0
2022 08 27 18   277   264 10085   270    20     2 -9999     0
2022 08 28 00   307   268 10094   360    10     2 -9999     0
2022 08 28 03   309   270 10104    20    20     3 -9999     0
2022 08 28 06   317   268 10089    20    20     2 -9999     0
2022 08 28 09   298   262 10081     0     0     2 -9999     0
2022 08 28 12   283   265 10094     0     0     2 -9999     0
2022 08 28 15   284   262 10107    20    30     2 -9999     0
2022 08 29 00   298   264 10107    60    20     6 -9999     0
2022 08 29 03   306   264 10117    80    20     6 -9999     0
2022 08 29 06   314   263 10107   130    20     3 -9999     0
2022 08 29 09   313   261 10093   350    10     2 -9999     0
2022 08 29 12   289   261 10105    10    10     1 -9999     0
2022 08 29 15   287   269 10115    30    40     2 -9999     0
2022 08 29 18   284   266 10104   100    30     2 -9999     0
2022 08 29 21   276   262 10095   100    10     2 -9999     0
2022 08 30 00   305   265 10105   210    20     3 -9999     0
2022 08 30 03   319   270 10107   360    10     3 -9999     0
2022 08 30 06   324   270 10086   350    20     5 -9999    -1
2022 08 30 09   306   263 10071   350    10     3 -9999 -9999
2022 08 30 12   277   255 10079     0     0     3 -9999 -9999
2022 08 30 15   280   250 10095   350    10     3 -9999     0
2022 08 30 18   267   255 10070     0     0     3 -9999     0
2022 08 30 21   273   257 10066     0     0     3 -9999     0
2022 08 31 00   310   266 10079   360    20     2 -9999     0
2022 08 31 03   323   269 10083   330    20     3 -9999     0
2022 08 31 06   331   269 10062   350    30     2 -9999     0
2022 08 31 09   311   265 10054   350    20     3 -9999     0
2022 08 31 12   293   261 10066    10    20     4 -9999     0
2022 08 31 15   289   264 10079    20    30     4 -9999     0
2022 08 31 18   284   260 10075   360    20     4 -9999     0
2022 08 31 21   282   256 10074    20    60     4 -9999     0
2022 09 01 00   309   279 10077   360    30     3 -9999     0
2022 09 01 03   325   276 10081    10    70     4 -9999     0
2022 09 01 06   327   282 10069    20    60     5 -9999     0
2022 09 01 09   304   270 10065    20    90     6 -9999     0
2022 09 01 12   292   266 10072    10    40     3 -9999     0
2022 09 01 15   291   265 10082   350    20     3 -9999     0
2022 09 01 18   289   263 10060   350    40     3 -9999     0
2022 09 01 21   284   260 10051   350    30     3 -9999     0
2022 09 02 00   299   266 10060   350    30     6 -9999     0
2022 09 02 03   316   266 10058   350    40     6 -9999     0
2022 09 02 06   309   255 10038   340    40     6 -9999     0
2022 09 02 09   296   250 10035   340    40     6 -9999     0
2022 09 02 12   285   242 10046   340    30     2 -9999     0
2022 09 02 15   283   254 10045   310    60     3 -9999     0
2022 09 02 21   281   235 10020   310    70     2 -9999     0
2022 09 03 00   300   244 10032   310    60     2 -9999     0
2022 09 03 03   318   244 10029   320    70     2 -9999     0
2022 09 03 06   326   245 10013   310    70     3 -9999     0
2022 09 03 09   299   235 10013   280    50     2 -9999     0
2022 09 03 12   285   236 10027   280    40     2 -9999     0
2022 09 03 15   281   228 10037   290    50     1 -9999     0
2022 09 03 18   282   233 10028   260    50     1 -9999     0
2022 09 03 21   284   246 10023   260    60     2 -9999     0
2022 09 04 03   315   260 10035   300    60     1 -9999     0
2022 09 04 06   321   256 10021   320    50     2 -9999     0
2022 09 04 09   302   247 10022   270    40     2 -9999     0
2022 09 04 15   283   235 10046   270    40     1 -9999     0
2022 09 04 18   285   239 10038   270    40     1 -9999     0
2022 09 04 21   288   256 10037   260    60     2 -9999     0
2022 09 05 00   297   263 10048   270    50     3 -9999     0
2022 09 05 03   315   254 10055   290    40     2 -9999     0
2022 09 05 06   326   252 10039   290    50     3 -9999     0
2022 09 05 09   318   247 10042   310    30     3 -9999     0
2022 09 05 12   289   247 10057   240    10     3 -9999     0
2022 09 05 15   288   255 10071   220    50     3 -9999     0
2022 09 05 18   289   238 10062   220    60     3 -9999     0
2022 09 05 21   283   258 10066   240    30     3 -9999     0
2022 09 06 00   293   267 10087   230    20     6 -9999     0
2022 09 06 03   319   263 10095   220    20     3 -9999     0
2022 09 06 06   319   265 10089   160    40     5 -9999     0
2022 09 06 09   284   252 10090   120    30     6 -9999 -9999
2022 09 06 12   287   255 10113   100    40     6 -9999 -9999
2022 09 06 15   289   263 10123   130    40     6 -9999     0
2022 09 06 18   289   265 10114   140    40     6 -9999     0
2022 09 06 21   288   264 10115   120    30     6 -9999     0
2022 09 07 00   296   266 10133   120    30     5 -9999     0
2022 09 07 03   304   274 10144    90    50     7 -9999     0
2022 09 07 06   305   277 10125    50    50     6 -9999     0
2022 09 07 09   296   265 10123    60    60     6 -9999     0
2022 09 07 12   292   268 10140    70    60     3 -9999     0
2022 09 07 15   278   272 10153    70    50     8 -9999 -9999
2022 09 07 18   282   269 10141    70    50     8 -9999    80
2022 09 07 21   285   265 10129    50    50     8 -9999 -9999
2022 09 08 03   278   262 10148    60    90     7 -9999 -9999
2022 09 08 06   271   263 10135    20    20     7 -9999    80
2022 09 08 09   288   248 10122    60    40     5 -9999 -9999
2022 09 08 15   285   243 10147    50    50     3 -9999     0
2022 09 08 18   277   242 10129    30    50     2 -9999     0
2022 09 08 21   276   234 10124    30    80     2 -9999     0
2022 09 09 03   304   246 10133    50   110     4 -9999     0
2022 09 09 06   307   243 10114    40   100     1 -9999     0
2022 09 09 09   290   251 10105    80    30     2 -9999     0
2022 09 09 12   285   249 10120    60    60     3 -9999     0
2022 09 09 15   283   241 10129    30    80     2 -9999     0
2022 09 10 00   291   240 10119    30    90     2 -9999     0
2022 09 10 03   308   240 10122    40   110     2 -9999     0
2022 09 10 06   316   233 10106    30    90     2 -9999     0
2022 09 11 03   312   246 10105    20    70     6 -9999 -9999
2022 09 11 06   317   248 10088    10    50     4 -9999     0
2022 09 11 09   298   242 10078   360    20     2 -9999 -9999
2022 09 11 12   276   238 10089   340    10     2 -9999     0
2022 09 11 15   261   243 10093   310    20     2 -9999     0
2022 09 11 18   276   251 10086   280    20     2 -9999     0
2022 09 11 21   276   249 10079   290    30     2 -9999     0
2022 09 12 00   290   257 10091   270    30     5 -9999     0
2022 09 12 03   312   266 10091   300    90     6 -9999     0
2022 09 12 06   281   259 10078   300    50     7 -9999    30
2022 09 12 09   298   270 10065   290    40     4 -9999 -9999
2022 09 12 12   286   264 10077   290    30     2 -9999 -9999
2022 09 12 15   282   263 10078   290    30     2 -9999     0
2022 09 12 18   281   263 10073   280    40     2 -9999     0
2022 09 12 21   280   262 10073   280    50     2 -9999     0
2022 09 13 00   293   263 10084   290    50     1 -9999     0
2022 09 13 03   313   268 10086   280    60     1 -9999     0
2022 09 13 09   317   241 10063   320    40     2 -9999     0
2022 09 13 12   283   237 10075   310    40     2 -9999     0
2022 09 13 15   284   254 10081   280    10     2 -9999     0
2022 09 13 18   286   250 10069   260    50     1 -9999     0
2022 09 13 21   285   253 10070   280    40     1 -9999     0
2022 09 14 00   301   250 10083   290    40     1 -9999     0
2022 09 14 03   323   264 10083   300    80     2 -9999     0
2022 09 14 06   342   212 10065   310    70     2 -9999     0
2022 09 14 09   315   227 10056   300    40     2 -9999     0
2022 09 14 12   290   228 10066   290    30     2 -9999     0
2022 09 14 15   288   235 10076   290    30     2 -9999     0
2022 09 14 18   284   234 10065   280    30     2 -9999     0
2022 09 14 21   283   244 10063   300    30     1 -9999     0
2022 09 15 00   303   254 10068   300    60     1 -9999     0
2022 09 15 03   329   263 10067   310    60     1 -9999     0
2022 09 15 06   338   237 10055   340    30     2 -9999     0
2022 09 15 09   319   232 10053   320    40     1 -9999     0
2022 09 15 12   277   231 10059   320    10     1 -9999     0
2022 09 15 15   254   233 10065   270    10     1 -9999     0
2022 09 15 18   254   235 10055   250    20     1 -9999     0
2022 09 15 21   276   239 10057   260    30     1 -9999     0
2022 09 16 00   298   245 10068   290    30     2 -9999     0
2022 09 16 03   322   249 10069   300    60     2 -9999     0
2022 09 16 06   330   247 10055   310    40     2 -9999     0
2022 09 16 09   315   256 10050   330    20     2 -9999     0
2022 09 16 12   285   255 10056     0     0     2 -9999     0
2022 09 16 15   266   252 10067     0     0     2 -9999     0
2022 09 16 18   274   254 10063   220    30     2 -9999     0
2022 09 16 21   279   248 10068   250    30     2 -9999     0
2022 09 17 00   299   252 10080   290    30     2 -9999     0
2022 09 17 03   320   259 10082   330    30     2 -9999     0
2022 09 17 06   333   259 10063   340    30     3 -9999     0
2022 09 17 09   314   245 10059   310    30     5 -9999     0
2022 09 17 12   274   242 10069   250    10     3 -9999     0
2022 09 17 15   280   247 10074   260    20     2 -9999     0
2022 09 17 18   284   246 10063   260    30     2 -9999     0
2022 09 18 03   317   253 10082   270    50     5 -9999     0
2022 09 18 06   322   263 10064   240    60     5 -9999     0
2022 09 18 09   303   257 10054   250    60     6 -9999     0
2022 09 18 15   293   252 10078   250    70     5 -9999     0
2022 09 18 18   288   256 10062   240    50     3 -9999     0
2022 09 18 21   290   256 10065   270    30     3 -9999     0
2022 09 19 00   294   258 10079   240    40     5 -9999     0
2022 09 19 03   309   260 10080   270    40     6 -9999     0
2022 09 19 06   320   270 10060   300    60     5 -9999     0
2022 09 19 09   304   256 10053   250    40     3 -9999     0
2022 09 19 12   291   261 10072   300    10     2 -9999     0
2022 09 19 15   281   261 10080   210    20     2 -9999     0
2022 09 19 18   275   251 10071   150    20     2 -9999     0
2022 09 19 21   266   247 10069     0     0     2 -9999     0
2022 09 20 00   299   252 10085   100    20     3 -9999     0
2022 09 20 03   310   255 10092    50    50     3 -9999     0
2022 09 20 06   300   248 10075    70    60     6 -9999     0
2022 09 20 09   291   251 10077    70    80     3 -9999 -9999
2022 09 20 12   285   246 10098    70   100     3 -9999 -9999
2022 09 20 15   279   246 10109    90    90     2 -9999     0
2022 09 20 18   279   242 10094    70    70     2 -9999     0
2022 09 20 21   276   223 10091    40    80     2 -9999     0
2022 09 21 03   301   242 10112    50    80     3 -9999 -9999
2022 09 21 06   269   245 10096    40    51     5 -9999    20
2022 09 21 09   257   249 10097    90    60     8 -9999 -9999
2022 09 21 12   262   246 10106    70    70     3 -9999 -9999
2022 09 21 15   270   247 10116    70    70     2 -9999     0
2022 09 21 18   276   242 10107    80    60     2 -9999     0
2022 09 21 21   253   242 10106   120    20     6 -9999 -9999
2022 09 22 03   301   235 10115    50    90     3 -9999     0
2022 09 22 06   305   239 10099    50    50     1 -9999     0
2022 09 22 09   292   230 10098    40    60     2 -9999     0
2022 09 22 12   279   231 10111    40    80     2 -9999     0
2022 09 22 15   276   232 10114    50    70     1 -9999     0
2022 09 22 18   271   225 10099    60    50     1 -9999     0
2022 09 22 21   273   218 10099    50    60     2 -9999     0
2022 09 23 00   288   219 10112    50    90     2 -9999     0
2022 09 23 03   304   223 10116    50    90     6 -9999     0
2022 09 23 06   304   229 10097    50    90     5 -9999     0
2022 09 23 09   287   227 10096    50    90     3 -9999     0
2022 09 23 12   281   232 10111    60   100     2 -9999     0
2022 09 23 15   280   240 10116    60    90     2 -9999     0
2022 09 24 00   283   228 10107    40   140     3 -9999     0
2022 09 24 03   289   240 10111    40   140     5 -9999     0
2022 09 24 06   258   248 10096    70    90     7 -9999    20
2022 09 24 09   263   242 10092    70    70     7 -9999 -9999
2022 09 24 12   277   242 10101    40   140     5 -9999 -9999
2022 09 24 15   275   236 10105    40   120     3 -9999     0
2022 09 24 18   275   237 10091    50   110     2 -9999     0
2022 09 25 00   288   249 10101    40   140     5 -9999     0
2022 09 25 03   298   251 10107    40   140     6 -9999     0
2022 09 25 06   301   255 10091    40   150     6 -9999     0
2022 09 25 12   280   251 10089    40   150     3 -9999     0
2022 09 25 15   278   250 10094    50   120     3 -9999     0
2022 09 25 18   275   245 10080    40   140     3 -9999     0
2022 09 25 21   279   250 10074    40   140     3 -9999     0
2022 09 26 00   284   253 10084    30   150     6 -9999     0
2022 09 26 03   274   258 10083    40   170     7 -9999 -9999
2022 09 26 06   285   259 10069    50   130     7 -9999    10
2022 09 26 09   284   258 10060    50   130     6 -9999 -9999
2022 09 26 12   284   256 10068    50   140     5 -9999 -9999
2022 09 26 15   279   260 10073    70   140     3 -9999     0
2022 09 26 21   274   261 10057    60   140     5 -9999 -9999
2022 09 27 03   302   255 10086    90   130     6 -9999     0
2022 09 27 06   299   263 10062    90   120     6 -9999     0
2022 09 27 09   285   264 10059    80   110     6 -9999     0
2022 09 27 15   270   263 10080   110   110     8 -9999 -9999
2022 09 27 18   271   262 10070    90   110     8 -9999   370
2022 09 27 21   271   260 10066    70   130     8 -9999 -9999
2022 09 28 00   260   255 10081   100   110     7 -9999 -9999
2022 09 28 03   294   264 10084    80   100     6 -9999 -9999
2022 09 28 06   276   264 10068   100   100     8 -9999    50
2022 09 28 09   255   250 10073   120    70     8 -9999 -9999
2022 09 28 18   276   257 10085   100   100     8 -9999    50
2022 09 28 21   278   257 10083    90    90     6 -9999 -9999
2022 09 29 00   280   263 10103   110    40     6 -9999 -9999
2022 09 29 03   284   260 10113    70    50     6 -9999 -9999
2022 09 29 06   276   252 10095    70    80     6 -9999    60
2022 09 29 09   282   262 10091    90    70     6 -9999 -9999
2022 09 29 12   280   259 10106    90   110     6 -9999 -9999
2022 09 29 15   276   264 10119   110    70     6 -9999 -9999
2022 09 29 18   269   255 10113   100   120     2 -9999    20
2022 09 29 21   276   261 10108   100    80     2 -9999 -9999
2022 09 30 00   290   267 10122   110    80     3 -9999 -9999
2022 09 30 03   300   271 10127   100   100     2 -9999 -9999
2022 09 30 06   303   271 10113   100    90     2 -9999    60
2022 09 30 09   288   263 10116    90    90     3 -9999 -9999
2022 09 30 12   283   255 10128    90    90     5 -9999 -9999
2022 09 30 15   282   257 10133   100    90     5 -9999     0
2022 09 30 18   282   258 10121    90    90     2 -9999     0
2022 09 30 21   274   247 10118    80   100     2 -9999     0
2022 10 01 00   291   265 10132    90   110     5 -9999     0
2022 10 01 03   306   267 10135    90   110     6 -9999     0
2022 10 01 06   292   262 10121    80   110     2 -9999     0
2022 10 01 09   292   268 10118    80    90     2 -9999     0
2022 10 01 12   287   265 10125    90   110     2 -9999 -9999
2022 10 01 15   286   264 10129   100   100     2 -9999     0
2022 10 01 18   284   262 10123   100   100     2 -9999     0
2022 10 01 21   284   260 10121   100   100     1 -9999     0
2022 10 02 00   296   264 10132   110    70     1 -9999     0
2022 10 02 03   312   270 10137   100    90     2 -9999     0
2022 10 02 06   312   269 10123    90    80     2 -9999     0
2022 10 02 09   291   261 10123    80    70     2 -9999 -9999
2022 10 02 12   285   265 10130    70    90     2 -9999 -9999
2022 10 02 15   286   260 10134    80   100     2 -9999     0
2022 10 02 18   284   258 10124    80   100     1 -9999     0
2022 10 02 21   284   259 10120    80   100     2 -9999     0
2022 10 03 00   293   260 10133    80   100     2 -9999     0
2022 10 03 03   305   265 10137    80    80     2 -9999     0
2022 10 03 06   305   267 10123    80    90     2 -9999     0
2022 10 03 09   292   260 10121    80    90     2 -9999     0
2022 10 03 12   287   257 10134    70    90     2 -9999     0
2022 10 03 15   284   248 10140    80    90     2 -9999     0
2022 10 03 18   282   249 10127    70    90     2 -9999     0
2022 10 04 00   293   253 10142    80    90     2 -9999     0
2022 10 04 03   307   263 10139    60    60     1 -9999     0
2022 10 04 06   308   261 10127    70    70     2 -9999     0
2022 10 04 09   292   247 10126    70    60     2 -9999     0
2022 10 04 12   284   250 10135    80    60     1 -9999     0
2022 10 04 15   283   254 10143    80    70     1 -9999     0
2022 10 04 18   280   254 10128    80    80     2 -9999     0
2022 10 04 21   280   252 10132    70    80     1 -9999     0
2022 10 05 00   295   250 10146    90    90     2 -9999     0
2022 10 05 03   304   248 10154    80   100     3 -9999     0
2022 10 05 06   304   250 10133    70   100     2 -9999     0
2022 10 05 09   290   249 10127    50    90     3 -9999     0
2022 10 05 12   285   253 10141    50   100     2 -9999 -9999
2022 10 05 15   288   248 10149    70   100     3 -9999     0
2022 10 05 18   281   248 10136    70   110     2 -9999     0
2022 10 05 21   279   252 10135    70   100     3 -9999 -9999
2022 10 06 00   288   252 10149    80   110     2 -9999 -9999
2022 10 06 03   300   253 10151    80   100     2 -9999     0
2022 10 06 06   273   259 10126    50    80     3 -9999    30
2022 10 06 09   280   252 10126    60   100     2 -9999 -9999
2022 10 06 15   280   255 10154    60   110     3 -9999     0
2022 10 06 18   280   252 10142    60   120     5 -9999     0
2022 10 06 21   280   249 10134    60    90     2 -9999     0
2022 10 07 00   290   256 10144    50   110     3 -9999     0
2022 10 07 03   303   260 10146    50   100     2 -9999     0
2022 10 07 06   302   255 10124    50   100     2 -9999     0
2022 10 07 09   288   249 10125    40   100     5 -9999     0
2022 10 07 18   279   248 10141    50   110     2 -9999     0
2022 10 08 00   267   248 10146    60   100     6 -9999 -9999
2022 10 08 03   295   249 10152    60    90     3 -9999     0
2022 10 08 06   295   251 10131    50    62     3 -9999     3
2022 10 08 09   278   246 10127    50   120     3 -9999 -9999
2022 10 08 12   276   249 10144    40   120     5 -9999     0
2022 10 08 15   278   246 10153    50   120     3 -9999     0
2022 10 08 18   275   244 10141    40   140     3 -9999     0
2022 10 09 00   279   243 10154    40   100     6 -9999     0
2022 10 09 03   284   250 10156    40   160     6 -9999     0
2022 10 09 06   295   244 10139    40   130     2 -9999     0
2022 10 09 09   283   247 10133    40   140     2 -9999     0
2022 10 09 12   277   245 10153    40   150     5 -9999     0
2022 10 09 15   281   228 10163    50   130     6 -9999     0
2022 10 09 18   278   236 10149    30   160     5 -9999     0
2022 10 09 21   273   230 10144    40   170     5 -9999     0
2022 10 10 00   280   228 10162    40   170     3 -9999     0
2022 10 10 03   288   230 10163    40   180     5 -9999     0
2022 10 10 06   278   219 10142    40   170     2 -9999     0
2022 10 10 09   266   220 10144    40   180     5 -9999     0
2022 10 10 12   261   212 10160    30   190     6 -9999     0
2022 10 10 18   255   198 10152    40   180     5 -9999     0
2022 10 10 21   252   191 10149    30   180     6 -9999     0
2022 10 11 00   261   194 10159    40   180     2 -9999     0
2022 10 11 03   272   201 10159    40   190     4 -9999     0
2022 10 11 06   265   205 10137    30   180     4 -9999     0
2022 10 11 09   255   201 10138    30   170     3 -9999     0
2022 10 11 12   253   196 10145    30   190     5 -9999     0
2022 10 11 15   253   208 10144    30   170     3 -9999     0
2022 10 11 18   255   213 10131    30   170     6 -9999     0
2022 10 11 21   251   220 10122    30   160     5 -9999     0
2022 10 12 00   247   227 10135    20   170     7 -9999 -9999
2022 10 12 03   265   230 10139    40   190     7 -9999     0
2022 10 12 06   259   229 10121    40   160     7 -9999     0
2022 10 12 09   249   230 10122    30   210     7 -9999 -9999
2022 10 12 15   261   226 10124    40   190     5 -9999     0
2022 10 12 18   263   224 10119    40   190     8 -9999     0
2022 10 12 21   263   228 10110    40   170     8 -9999     0
2022 10 13 00   261   237 10119    40   170     7 -9999     0
2022 10 13 03   278   233 10123    50   180     5 -9999 -9999
2022 10 13 06   263   236 10102    40   200     8 -9999     0
2022 10 13 12   263   223 10114    50   180     5 -9999 -9999
2022 10 13 15   263   228 10124    50   150     3 -9999     0
2022 10 13 18   263   229 10105    40   150     2 -9999     0
2022 10 14 03   283   237 10109    40   160     2 -9999     0
2022 10 14 06   280   236 10092    40   150     2 -9999     0
2022 10 14 09   267   230 10093    30   130     2 -9999     0
2022 10 14 12   264   229 10113    40   140     3 -9999     0
2022 10 14 15   262   226 10109    50   110     2 -9999     0
2022 10 14 18   262   219 10093    40   130     2 -9999     0
2022 10 14 21   261   226 10092    30   130     2 -9999     0
2022 10 15 00   275   236 10103    30   140     6 -9999     0
2022 10 15 03   285   234 10099    30   150     3 -9999     0
2022 10 15 06   284   235 10081    30   150     3 -9999     0
2022 10 15 09   266   231 10082    30   160     3 -9999     0
2022 10 15 15   253   230 10090    30   180     8 -9999 -9999
2022 10 15 18   254   227 10074    30    93     8 -9999    10
2022 10 15 21   251   234 10068    10   150     8 -9999 -9999
2022 10 16 00   247   232 10078    10   160     8 -9999 -9999
2022 10 16 03   253   237 10078    20   180     8 -9999 -9999
2022 10 16 06   251   239 10055    10   160     8 -9999    20
2022 10 16 09   251   245 10052    10   170     8 -9999 -9999
2022 10 16 12   254   244 10059    20   200     8 -9999 -9999
2022 10 16 15   254   239 10048    10   220     8 -9999 -9999
2022 10 16 18   245   244 10020    10   250     8 -9999   180
2022 10 17 03   245   243 10015    30   320     8 -9999 -9999
2022 10 17 06   240   240 10009    50   310     8 -9999   650
2022 10 17 09   236   235 10021    50   300     8 -9999 -9999
2022 10 17 12   239   229 10052    40   340     8 -9999 -9999
2022 10 17 15   237   227 10066    50   300     8 -9999 -9999
2022 10 17 18   231   219 10065    40   280     8 -9999    90
2022 10 18 00   234   218 10092    40   290     8 -9999 -9999
2022 10 18 03   230   218 10103    50   250     8 -9999 -9999
2022 10 18 06   245   216 10093    50   230     8 -9999    60
2022 10 18 09   235   217 10100    50   250     8 -9999 -9999
2022 10 18 12   244   212 10118    40   260     8 -9999 -9999
2022 10 18 15   245   210 10124    50   260     8 -9999     0
2022 10 18 18   248   212 10117    50   210     6 -9999     0
2022 10 18 21   243   220 10117    50   180     6 -9999     0
2022 10 19 00   250   213 10132    50   180     7 -9999     0
2022 10 19 03   252   215 10145    50   170     7 -9999     0
2022 10 19 06   236   222 10135    50   150     7 -9999     0
2022 10 19 09   243   215 10138    50   160     7 -9999 -9999
2022 10 19 12   250   215 10154    50   180     6 -9999     0
2022 10 19 15   249   210 10158    50   170     7 -9999     0
2022 10 19 21   240   222 10149    50   150     7 -9999 -9999
2022 10 20 00   250   227 10168    50   130     7 -9999 -9999
2022 10 20 03   270   220 10173    50   140     5 -9999     0
2022 10 20 06   263   221 10150    40   170     7 -9999     0
2022 10 20 09   250   219 10150    40   180     7 -9999     0
2022 10 20 12   253   223 10165    40   170     7 -9999     0
2022 10 20 15   253   227 10168    40   170     7 -9999     0
2022 10 20 18   254   227 10157    40   160     7 -9999     0
2022 10 21 03   272   230 10170    40   120     5 -9999     0
2022 10 21 06   274   225 10146    30   120     5 -9999     0
2022 10 21 09   254   219 10145    30    60     5 -9999     0
2022 10 21 12   253   216 10157    40   140     3 -9999     0
2022 10 21 15   254   213 10162    40   120     5 -9999     0
2022 10 21 18   255   224 10143    40   110     3 -9999     0
2022 10 21 21   256   225 10136    40   130     5 -9999     0
2022 10 22 00   259   232 10150    40   140     6 -9999     0
2022 10 22 03   270   237 10152    40   150     6 -9999     0
2022 10 22 06   260   235 10132    30   130     8 -9999     2
2022 10 22 09   255   238 10129    30   140     8 -9999     0
2022 10 22 12   251   241 10141    20   110     8 -9999 -9999
2022 10 22 15   258   242 10142    20   120     7 -9999 -9999
2022 10 22 18   261   248 10124    30   130     7 -9999    -1
2022 10 22 21   257   252 10110    40   150     8 -9999 -9999
2022 10 23 00   257   252 10134    40   170     8 -9999 -9999
2022 10 23 03   258   246 10139    40   170     8 -9999 -9999
2022 10 23 06   252   244 10125    40   150     8 -9999    30
2022 10 23 09   246   238 10115    50   150     8 -9999 -9999
2022 10 23 12   255   239 10138    50   130     8 -9999 -9999
2022 10 23 15   258   233 10141    50   150     8 -9999 -9999
2022 10 23 21   256   226 10126    40   200     8 -9999 -9999
2022 10 24 00   255   218 10152    50   170     6 -9999     0
2022 10 24 03   258   219 10155    50   170     8 -9999     0
2022 10 24 15   248   213 10166    40   170     8 -9999     0
2022 10 24 18   245   213 10158    50   150     8 -9999     0
2022 10 24 21   239   212 10157    50   150     8 -9999     0
2022 10 25 00   232   223 10177    50   130     6 -9999 -9999
2022 10 25 03   257   226 10175    50   130     5 -9999     0
2022 10 25 06   258   221 10155    60   110     6 -9999     0
2022 10 25 09   246   223 10154    40   150     8 -9999 -9999
2022 10 25 12   243   216 10171    50   160     8 -9999 -9999
2022 10 25 15   246   212 10176    40   170     8 -9999     0
2022 10 25 18   242   219 10163    40   140     8 -9999     9
2022 10 25 21   247   221 10155    60   110     8 -9999 -9999
2022 10 26 00   241   221 10166    40   130     5 -9999 -9999
2022 10 26 03   263   217 10164    40   150     6 -9999 -9999
2022 10 26 06   263   220 10147    40   140     5 -9999    10
2022 10 26 09   251   214 10141    40   150     3 -9999 -9999
2022 10 26 12   249   218 10152    50   120     3 -9999 -9999
2022 10 26 21   249   212 10138    40   100     2 -9999     0
2022 10 27 00   262   225 10149    40   130     3 -9999     0
2022 10 27 03   275   226 10147    50   120     5 -9999     0
2022 10 27 06   272   225 10130    30   140     5 -9999     0
2022 10 27 09   254   213 10131    30   130     5 -9999     0
2022 10 27 12   249   210 10148    30   120     2 -9999     0
2022 10 27 15   255   220 10151    40   120     3 -9999     0
2022 10 27 18   253   222 10136    40   130     2 -9999     0
2022 10 27 21   252   221 10132    30   140     2 -9999     0
2022 10 28 00   258   220 10142    30    82     3 -9999 -9999
2022 10 28 03   265   219 10144    30   160     6 -9999     0
2022 10 28 06   267   224 10123    40   180     4 -9999     0
2022 10 28 09   255   226 10116    40   170     4 -9999     0
2022 10 28 12   253   223 10132    40   200     3 -9999     0
2022 10 28 15   253   221 10137    40   170     3 -9999     0
2022 10 28 21   251   224 10117    30   180     3 -9999     0
2022 10 29 00   254   222 10130    30   170     5 -9999     0
2022 10 29 03   267   224 10130    30   190     3 -9999     0
2022 10 29 06   260   220 10106    30   190     5 -9999     0
2022 10 29 09   250   219 10102    40   230     7 -9999     0
2022 10 29 12   253   219 10112    40   230     6 -9999     0
2022 10 29 15   249   222 10104    30   220     5 -9999     0
2022 10 29 18   249   222 10087    30   180     5 -9999     0
2022 10 29 21   247   218 10080    20   230     3 -9999     0
2022 10 30 00   250   219 10088    30   240     6 -9999     0
2022 10 30 03   256   221 10088    30   230     6 -9999     0
2022 10 30 06   250   217 10064    30   240     7 -9999     0
2022 10 30 09   249   218 10063    30   250     7 -9999     0
2022 10 30 12   250   218 10068    30   260     8 -9999 -9999
2022 10 30 15   238   224 10065    30   250     8 -9999 -9999
2022 10 30 18   239   224 10048    30   240     8 -9999    30
2022 10 30 21   245   223 10032    30   250     8 -9999 -9999
2022 10 31 00   235   224 10043    30   260     8 -9999 -9999
2022 10 31 03   242   222 10038    30   280     8 -9999 -9999
2022 10 31 06   232   223 10011    30   300     8 -9999   100
2022 10 31 09   233   224 10011    30   320     8 -9999 -9999
2022 10 31 12   239   223 10029    40   310     8 -9999 -9999
2022 10 31 15   234   224 10029    40   330     8 -9999 -9999
2022 10 31 18   226   221 10013    40   330     8 -9999    90
2022 10 31 21   230   223 10005    40   360     8 -9999 -9999
2022 11 01 00   229   227 10020    50   290     8 -9999 -9999
2022 11 01 03   229   229 10010    50   320     8 -9999 -9999
2022 11 01 06   238   238  9983    70   260     8 -9999   870
2022 11 01 09   241   239  9988    80   230     8 -9999 -9999
2022 11 01 12   256   248  9998   100   230     8 -9999 -9999
2022 11 01 15   258   238 10007   110   220     8 -9999 -9999
2022 11 01 18   252   231 10006   130   200     8 -9999    50
2022 11 01 21   253   227 10022   140   170     8 -9999 -9999
2022 11 02 00   254   221 10054   160   180     7 -9999 -9999
2022 11 02 03   255   222 10073   180   150     7 -9999 -9999
2022 11 02 06   252   220 10071   190   100     7 -9999     4
2022 11 02 09   248   216 10082   210    90     7 -9999 -9999
2022 11 02 15   247   224 10110   160    50     5 -9999     0
2022 11 02 18   249   226 10103   160    50     4 -9999     0
2022 11 02 21   247   222 10106   170    50     2 -9999     0
2022 11 03 00   267   229 10129   180    20     2 -9999     0
2022 11 03 03   285   239 10134   170    30     3 -9999     0
2022 11 03 06   285   228 10120   220    30     3 -9999     0
2022 11 03 09   264   221 10125   250    10     5 -9999     0
2022 11 03 12   236   222 10142     0     0     2 -9999     0
2022 11 03 15   225   218 10150     0     0     2 -9999     0
2022 11 03 18   222   216 10141     0     0     2 -9999     0
2022 11 04 00   269   234 10157    40    20     5 -9999     0
2022 11 04 03   283   242 10157    50    30     6 -9999     0
2022 11 04 06   262   241 10138    60    80     5 -9999    10
2022 11 04 09   259   236 10143    50   130     5 -9999 -9999
2022 11 04 15   248   221 10173    50   150     2 -9999     0
2022 11 04 18   248   220 10164    50   130     5 -9999     0
2022 11 04 21   245   220 10161    50   140     3 -9999     0
2022 11 05 00   248   222 10176    50   150     8 -9999     0
2022 11 05 03   260   221 10179    50   140 -9999 -9999     0
2022 11 05 06   255   222 10159    50   130     8 -9999     0
2022 11 05 09   245   214 10161    50   180     8 -9999     0
2022 11 05 12   246   215 10178    50   170     8 -9999     0
2022 11 05 15   246   217 10175    50   160     6 -9999     0
2022 11 05 18   245   218 10166    40   160     8 -9999     0
2022 11 05 21   238   216 10159    40   170     2 -9999     0
2022 11 06 00   246   218 10173    50   140     8 -9999     0
2022 11 06 03   249   218 10178    50   130     8 -9999     0
2022 11 06 06   248   221 10151    40   150     8 -9999     0
2022 11 06 09   242   217 10148    50   140     8 -9999 -9999
2022 11 06 12   243   218 10163    50   140     8 -9999 -9999
2022 11 06 15   244   215 10162    40   170     8 -9999     0
2022 11 06 18   245   220 10149    50   150     6 -9999     0
2022 11 06 21   247   222 10145    50   130     6 -9999     0
2022 11 07 03   256   221 10164    50   150     8 -9999     0
2022 11 07 06   261   226 10137    50   140     6 -9999     0
2022 11 07 09   251   223 10139    40   160     6 -9999     0
2022 11 07 12   251   226 10153    50   150     8 -9999     0
2022 11 07 15   251   230 10156    50   150     7 -9999     0
2022 11 07 18   247   232 10146    40   170     7 -9999     0
2022 11 07 21   243   231 10142    40   160     7 -9999     0
2022 11 08 03   262   231 10165    50   150     6 -9999     0
2022 11 08 06   262   231 10146    50   140     5 -9999     0
2022 11 08 09   252   228 10148    40   150     6 -9999     0
2022 11 08 12   250   225 10159    40   150     6 -9999     0
2022 11 08 15   249   222 10161    50   140     7 -9999     0
2022 11 08 18   249   222 10154    50   120     6 -9999     0
2022 11 08 21   249   230 10146    30   150     5 -9999     0
2022 11 09 00   252   227 10165    40   150     6 -9999     0
2022 11 09 03   268   230 10167    40   140     3 -9999     0
2022 11 09 06   267   232 10146    40   150     3 -9999     0
2022 11 09 09   252   227 10145    40   160     2 -9999     0
2022 11 09 12   251   233 10160    40   130     3 -9999     0
2022 11 09 15   255   235 10163    50   100     3 -9999     0
2022 11 09 18   251   236 10154    50   100     2 -9999     0
2022 11 09 21   251   233 10153    40   110     2 -9999     0
2022 11 10 03   262   235 10168    40   110     8 -9999     0
2022 11 10 06   260   231 10142    30   110     7 -9999     0
2022 11 10 09   256   229 10141    60    80     7 -9999     0
2022 11 10 15   256   235 10151    50    80     5 -9999     0
2022 11 10 18   254   233 10142    50    70     5 -9999     0
2022 11 10 21   253   235 10146    60    70     2 -9999     0
2022 11 11 00   259   235 10163    30   110     5 -9999     0
2022 11 11 03   266   239 10162    40   130     5 -9999     0
2022 11 11 06   271   237 10141    40   120     5 -9999     0
2022 11 11 09   258   237 10136    50   100     5 -9999     0
2022 11 11 12   256   236 10151    60    80     2 -9999     0
2022 11 11 15   256   238 10155    70    60     5 -9999     0
2022 11 11 18   256   242 10137    50    60     5 -9999     0
2022 11 11 21   257   243 10138    40    80     5 -9999     0
2022 11 12 00   269   245 10151    50    90     5 -9999     0
2022 11 12 03   283   245 10153    50    90     3 -9999     0
2022 11 12 06   278   243 10133    30   100     5 -9999     0
2022 11 12 09   259   240 10129    40   120     6 -9999     0
2022 11 12 12   258   241 10143    50    90     6 -9999     0
2022 11 12 15   258   243 10146    40   100     5 -9999     0
2022 11 12 18   260   244 10143    40    80     5 -9999     0
2022 11 12 21   260   246 10144    40    70     5 -9999     0
2022 11 13 00   268   246 10159    50    90     5 -9999     0
2022 11 13 03   281   252 10161    50    90     5 -9999     0
2022 11 13 06   270   243 10140    40   140     5 -9999     0
2022 11 13 09   259   238 10141    50   100     5 -9999     0
2022 11 13 12   255   235 10153    40   100     2 -9999     0
2022 11 13 15   255   234 10162    50   100     2 -9999     0
2022 11 13 21   255   241 10152    40   120     4 -9999     0
2022 11 14 00   256   237 10166    40   140     6 -9999     0
2022 11 14 03   268   238 10168    40   150     5 -9999     0
2022 11 14 06   266   228 10141    50   140     5 -9999     0
2022 11 14 09   254   225 10134    50   160     5 -9999     0
2022 11 14 12   257   232 10152    50   120     5 -9999     0
2022 11 14 15   259   239 10150    60    90     5 -9999     0
2022 11 14 18   256   238 10144    40   100     3 -9999     0
2022 11 14 21   254   236 10140    50    90     3 -9999     0
2022 11 15 00   267   243 10152    50    90     3 -9999     0
2022 11 15 03   253   232 10159    40   140     5 -9999 -9999
2022 11 15 06   270   235 10132    50   110     3 -9999     1
2022 11 15 09   257   234 10135    60   100     3 -9999     0
2022 11 15 12   259   239 10143    60   100     3 -9999 -9999
2022 11 17 12   260   235 10142    60    46     3 -9999 -9999
2022 11 17 21   260   238 10138    60    90     3 -9999     0
2022 11 18 03   264   240 10150    40   140     5 -9999     0
2022 11 18 06   263   242 10127    50   110     7 -9999     0
2022 11 18 09   259   240 10134    50   120     7 -9999     0
2022 11 18 12   258   241 10147    50   120     5 -9999     0
2022 11 18 15   257   239 10150    50   130     5 -9999     0
2022 11 18 18   256   240 10142    50   110     3 -9999     0
2022 11 18 21   256   238 10139    50   140     2 -9999     0
2022 11 19 00   254   233 10155    50   120     6 -9999     0
2022 11 19 06   275   237 10123    50   110     3 -9999     0
2022 11 19 09   256   235 10124    40   140     2 -9999     0
2022 11 19 12   255   237 10136    50   110     3 -9999     0
2022 11 19 15   254   237 10135    50   100     2 -9999     0
2022 11 19 18   254   238 10126    60    80     2 -9999     0
2022 11 19 21   256   236 10124    50    90     3 -9999     0
2022 11 20 00   263   245 10134    40   130     4 -9999     0
2022 11 20 03   271   244 10139    40   130     5 -9999     0
2022 11 20 06   266   236 10115    50   150     6 -9999     0
2022 11 20 09   257   230 10110    50   130     5 -9999     0
2022 11 20 12   256   233 10127    60   120     3 -9999     0
2022 11 20 15   258   237 10129    50   100     3 -9999     0
2022 11 20 18   260   243 10115    60   120     3 -9999     0
2022 11 20 21   264   245 10118    70   100     3 -9999     0
2022 11 21 00   266   246 10130    70   110     7 -9999     0
2022 11 21 03   271   244 10132    70   120     7 -9999     0
2022 11 21 06   260   246 10113    70   110     8 -9999 -9999
2022 11 21 12   260   244 10134    60    70     8 -9999     0
2022 11 21 15   260   247 10138    70    70     8 -9999 -9999
2022 11 21 18   261   248 10120    70    90     8 -9999    20
2022 11 21 21   261   244 10117    80    90     8 -9999 -9999
2022 11 22 00   264   253 10128    70    90     6 -9999 -9999
2022 11 22 03   263   257 10135    70    70     6 -9999 -9999
2022 11 22 06   275   257 10111    80    70     6 -9999    20
2022 11 22 09   266   254 10108    70    70     6 -9999 -9999
2022 11 22 12   263   253 10120    90    80     5 -9999 -9999
2022 11 22 15   262   255 10133    90    50     5 -9999     0
2022 11 22 18   260   258 10123    80    30     3 -9999     0
2022 11 22 21   259   258 10124    60    20     8 -9999 -9999
2022 11 23 00   266   262 10140    50    30     6 -9999 -9999
2022 11 23 03   275   262 10138    60    50     7 -9999     0
2022 11 23 06   278   260 10124    40    80     6 -9999     0
2022 11 23 09   265   252 10122    60    80     5 -9999     0
2022 11 23 15   261   248 10140    60    80     5 -9999     0
2022 11 23 18   257   245 10137    50   100     3 -9999     0
2022 11 23 21   253   245 10131    50   100     5 -9999     0
2022 11 24 00   256   245 10149    70   100     6 -9999     0
2022 11 24 15   257   246 10159    40   120     5 -9999 -9999
2022 11 25 00   262   249 10156    50    60     5 -9999 -9999
2022 11 25 03   278   253 10155    40    70     5 -9999     0
2022 11 25 06   277   255 10129    60    60     5 -9999     0
2022 11 25 09   263   251 10138    40    70     5 -9999     0
2022 11 25 12   258   248 10151    40    90     5 -9999     0
2022 11 25 15   256   244 10151    50    60     5 -9999     0
2022 11 25 21   252   238 10139    40   120     3 -9999     0
2022 11 26 00   254   234 10155    50    90     8 -9999     0
2022 11 26 03   264   233 10155    60    70     6 -9999     0
2022 11 26 06   274   235 10135    50    90     5 -9999     0
2022 11 26 09   256   225 10134    40    90     2 -9999     0
2022 11 26 12   251   225 10140    60    80     2 -9999     0
2022 11 26 15   255   228 10141    70    70     2 -9999     0
2022 11 26 18   257   229 10134    80    60     3 -9999     0
2022 11 27 00   262   244 10139    80    50     6 -9999     0
2022 11 27 03   278   254 10137   100    50     5 -9999     0
2022 11 27 06   289   250 10113   120    30     2 -9999     0
2022 11 27 09   269   252 10113   120    10     5 -9999     0
2022 11 27 15   259   254 10128   110    20     2 -9999     0
2022 11 28 00   276   262 10141    40    30     2 -9999     0
2022 11 28 03   293   255 10143    50    30     3 -9999     0
2022 11 28 06   291   259 10120   100    40     2 -9999     0
2022 11 28 09   273   253 10123   100    30     3 -9999     0
2022 11 28 15   262   255 10135    40    30     1 -9999     0
2022 11 29 00   268   257 10142    20    40     5 -9999     0
2022 11 29 03   300   261 10143    30    50     2 -9999     0
2022 11 29 06   304   263 10120    20    40     2 -9999     0
2022 11 29 09   272   259 10122    20    40     2 -9999     0
2022 11 29 15   264   261 10140    10    20     2 -9999     0
2022 11 30 00   270   259 10160    30    90     2 -9999     0
2022 11 30 03   276   252 10165    30   150     5 -9999     0
2022 11 30 06   258   236 10145    40   180     8 -9999     0
2022 11 30 09   244   224 10149    40   200     8 -9999     0
2022 12 01 00   228   215 10181    40   200     8 -9999 -9999
2022 12 01 06   239   214 10156    40   190     8 -9999     0
2022 12 01 09   236   215 10156    50   160     8 -9999     0
2022 12 01 12   234   213 10169    40   190     8 -9999     0
2022 12 01 15   224   216 10178    40   190     8 -9999 -9999
2022 12 01 18   225   213 10169    30    88     8 -9999     5
2022 12 02 00   225   210 10174    30   190     8 -9999 -9999
2022 12 02 03   236   209 10174    40   200     6 -9999     0
2022 12 02 06   241   215 10142    50   160     6 -9999    -1
2022 12 02 09   237   214 10145    40   160     5 -9999     0
2022 12 02 12   234   218 10159    50   150     7 -9999 -9999
2022 12 02 15   242   220 10164    50   130     8 -9999     0
2022 12 02 18   243   220 10147    50   140     8 -9999    -1
2022 12 03 00   231   223 10157    40   150     6 -9999 -9999
2022 12 03 03   245   234 10156    40   140     7 -9999 -9999
2022 12 03 09   250   225 10135    50   120     5 -9999     0
2022 12 03 12   249   226 10152    40   130     5 -9999     0
2022 12 03 15   251   226 10151    50   100     5 -9999     0
2022 12 03 18   250   225 10145    40   130     5 -9999     0
2022 12 04 00   252   229 10166    30   130     5 -9999     0
2022 12 04 03   270   233 10169    40   140     3 -9999     0
2022 12 04 06   260   231 10145    40   140     5 -9999     0
2022 12 04 09   252   223 10149    40   150     3 -9999     0
2022 12 04 12   250   222 10167    40   160     6 -9999     0
2022 12 04 15   249   221 10172    50   130     6 -9999     0
2022 12 04 18   247   222 10155    40   160     5 -9999     0
2022 12 04 21   245   220 10154    40   150     6 -9999     0
2022 12 05 03   246   214 10179    30   180     6 -9999 -9999
2022 12 05 06   234   207 10154    30   170     7 -9999     7
2022 12 05 09   233   206 10157    30   170     5 -9999 -9999
2022 12 05 12   227   196 10173    30   180     6 -9999 -9999
2022 12 05 15   225   200 10176    30   150     5 -9999     0
2022 12 05 18   220   198 10163    40   180     6 -9999     0
2022 12 06 00   210   200 10186    30   180     8 -9999 -9999
2022 12 06 03   222   190 10182    30   180     8 -9999 -9999
2022 12 06 06   224   199 10153    30   160     6 -9999     1
2022 12 06 09   217   197 10151    30   160     6 -9999     0
2022 12 06 12   224   205 10165    30   160     8 -9999 -9999
2022 12 06 18   235   209 10155    40   150     6 -9999     0
2022 12 07 00   235   205 10173    40   180     5 -9999     0
2022 12 07 03   245   205 10176    40   150     5 -9999     0
2022 12 07 06   244   200 10147    30   140     6 -9999     0
2022 12 07 09   239   196 10150    40   140     5 -9999     0
2022 12 07 12   236   198 10168    50   150     4 -9999     0
2022 12 07 15   232   190 10169    40   150     3 -9999     0
2022 12 07 18   232   188 10160    40   160     3 -9999     0
2022 12 08 03   250   184 10173    40   150     2 -9999     0
2022 12 08 06   251   190 10148    40   140     4 -9999     0
2022 12 08 09   235   193 10142    40   140     2 -9999     0
2022 12 08 12   229   184 10148    40   130     3 -9999     0
2022 12 08 15   225   185 10154    40   140     3 -9999     0
2022 12 09 00   231   177 10156    30   130     3 -9999     0
2022 12 09 03   243   185 10151    20   130     2 -9999     0
2022 12 09 06   244   181 10126    30   120     3 -9999     0
2022 12 09 09   228   175 10122    20   130     3 -9999     0
2022 12 09 12   224   175 10133    20   120     2 -9999     0
2022 12 09 15   226   168 10133    30   130     2 -9999     0
2022 12 10 00   231   173 10144    30   160     2 -9999     0
2022 12 10 03   253   178 10140    20   130     2 -9999     0
2022 12 10 06   252   180 10116    20   110     2 -9999     0
2022 12 10 09   223   168 10119    10   120     3 -9999     0
2022 12 10 12   220   163 10137    30   120     2 -9999     0
2022 12 10 15   220   166 10137    20   110     2 -9999     0
2022 12 10 18   218   166 10127    10   110     2 -9999     0
2022 12 11 00   228   194 10141    30    82     3 -9999 -9999
2022 12 11 03   235   191 10141    30   170     3 -9999     0
2022 12 11 06   229   188 10113    30   160     6 -9999     0
2022 12 11 09   208   190 10118    40   190     7 -9999 -9999
2022 12 11 15   206   192 10134    30   170     8 -9999 -9999
2022 12 11 18   200   191 10132    20   200     8 -9999    20
2022 12 11 21   196   186 10133    30   200     8 -9999 -9999
2022 12 12 00   210   181 10155    30   190     8 -9999 -9999
2022 12 12 03   211   180 10159    30   180     8 -9999     0
2022 12 12 06   208   176 10138    20   180     8 -9999     0
2022 12 12 09   210   174 10143    20   190     8 -9999     0
2022 12 12 12   204   181 10153    30   200     8 -9999     0
2022 12 12 15   216   185 10154    30   170     8 -9999     0
2022 12 12 18   215   179 10146    30   190     8 -9999     0
2022 12 13 00   225   183 10161    40   190     7 -9999     0
2022 12 13 03   222   189 10166    40   190     7 -9999     0
2022 12 13 06   207   197 10142    40   200     8 -9999     5
2022 12 13 09   208   198 10143    40   210     8 -9999 -9999
2022 12 13 12   212   204 10162    40   190     8 -9999 -9999
2022 12 13 18   224   209 10156    50   160     8 -9999    20
2022 12 14 00   233   208 10174    50   150     7 -9999 -9999
2022 12 14 03   226   204 10176    50   150     7 -9999     0
2022 12 14 06   209   201 10156    40   190     8 -9999     8
2022 12 14 09   206   201 10161    40   200     8 -9999 -9999
2022 12 14 12   207   201 10174    40   200     8 -9999 -9999
2022 12 14 15   214   202 10171    40   180     8 -9999 -9999
2022 12 14 18   221   204 10155    50   150     8 -9999     5
2022 12 15 00   223   204 10167    50   150     8 -9999 -9999
2022 12 15 03   226   209 10159    60   140     8 -9999 -9999
2022 12 15 06   227   210 10127    50   140     8 -9999     1
2022 12 15 09   221   210 10132    50   130     8 -9999 -9999
2022 12 15 12   227   217 10144    60   130     8 -9999 -9999
2022 12 15 15   227   218 10145    50   130     8 -9999 -9999
2022 12 15 18   234   219 10130    60   100     8 -9999    -1
2022 12 16 03   232   224 10160    40   130     8 -9999 -9999
2022 12 16 06   224   219 10139    40   140     8 -9999     2
2022 12 16 09   230   216 10140    50   140     7 -9999 -9999
2022 12 16 12   231   214 10159    40   160     8 -9999     0
2022 12 16 15   225   211 10159    40   170     8 -9999     0
2022 12 16 18   217   210 10155    30   180     8 -9999     0
2022 12 16 21   212   199 10160    30   200     8 -9999 -9999
2022 12 17 00   208   184 10192    30   210     8 -9999 -9999
2022 12 17 03   197   176 10210    30   230     8 -9999     0
2022 12 17 06   194   164 10196    30   240     8 -9999     3
2022 12 17 09   182   168 10208    30   250     8 -9999 -9999
2022 12 17 12   177   159 10237    30   240     8 -9999 -9999
2022 12 17 15   188   138 10236    40   270     8 -9999     0
2022 12 17 18   186   124 10230    40   270     8 -9999     0
2022 12 17 21   179   129 10227    40   250     8 -9999     0
2022 12 18 00   172   125 10236    30   220     8 -9999     0
2022 12 18 03   175   134 10228    40   220     8 -9999     0
2022 12 18 06   177   132 10201    40   210     8 -9999     0
2022 12 18 09   181   140 10202    40   170     7 -9999     0
2022 12 18 12   189   147 10212    40   200     8 -9999     0
2022 12 18 15   188   145 10208    40   170     8 -9999     0
2022 12 18 18   193   154 10191    40   180     8 -9999     0
2022 12 18 21   196   155 10184    40   180     8 -9999     0
2022 12 19 00   200   158 10201    40   180     7 -9999     0
2022 12 19 03   209   159 10200    40   170     6 -9999     0
2022 12 19 06   203   166 10169    40   180     7 -9999     0
2022 12 19 09   208   173 10166    50   160     6 -9999     0
2022 12 19 12   212   172 10180    40   150     8 -9999     0
2022 12 19 18   213   177 10165    40   150     8 -9999     8
2022 12 19 21   217   185 10157    50   140     8 -9999 -9999
2022 12 20 00   218   188 10172    60   140     7 -9999 -9999
2022 12 20 03   229   185 10172    60   120     7 -9999     0
2022 12 20 06   230   185 10139    50   130     6 -9999     0
2022 12 20 09   219   186 10139    50   140     6 -9999     0
2022 12 20 12   216   190 10159    50   130     6 -9999     0
2022 12 20 15   223   188 10160    40   130     6 -9999     0
2022 12 20 18   219   187 10151    30   110     5 -9999     0
2022 12 20 21   215   183 10141    20   120     6 -9999     0
2022 12 21 00   218   172 10152    30   110     2 -9999     0
2022 12 21 03   226   172 10153    10   140     3 -9999     0
2022 12 21 06   229   139 10128    10   120     2 -9999     0
2022 12 21 09   207   138 10127    20   120     1 -9999     0
2022 12 21 12   202   134 10139    10   100     1 -9999     0
2022 12 21 15   201   124 10141    20   140     1 -9999     0
2022 12 21 18   204   124 10133    30   130     2 -9999     0
2022 12 21 21   201   138 10133    30   140     2 -9999     0
2022 12 22 00   199   127 10151    40   150     2 -9999     0
2022 12 22 03   216   138 10152    40   160     2 -9999     0
2022 12 22 06   219   136 10129    40   160     2 -9999     0
2022 12 22 09   207   147 10132    40   160     2 -9999     0
2022 12 22 12   206   146 10151    50   140     2 -9999     0
2022 12 22 15   205   140 10164    40   140     2 -9999     0
2022 12 22 18   205   123 10159    50   140     2 -9999     0
2022 12 22 21   203   128 10157    40   160     2 -9999     0
2022 12 23 00   203   133 10175    40   160     2 -9999     0
2022 12 23 03   218   134 10181    50   130     3 -9999     0
2022 12 23 06   222   146 10153    40   140     2 -9999     0
2022 12 23 09   211   149 10161    50   140     4 -9999     0
2022 12 23 12   207   150 10177    40   130     2 -9999     0
2022 12 23 15   201   140 10186    40   170     2 -9999     0
2022 12 23 18   197   125 10182    40   170     2 -9999     0
2022 12 23 21   193   131 10184    50   140     2 -9999     0
2022 12 24 00   196   127 10200    40   170     3 -9999     0
2022 12 24 03   212   131 10207    50   150     2 -9999     0
2022 12 24 09   199   132 10183    40   160     2 -9999     0
2022 12 24 12   198   130 10194    50   150     2 -9999     0
2022 12 24 15   199   133 10200    50   130     2 -9999     0
2022 12 24 18   198   125 10197    50   130     2 -9999     0
2022 12 24 21   196   140 10188    40   160     2 -9999     0
2022 12 25 00   200   151 10210    50   140     5 -9999     0
2022 12 25 03   220   149 10215    50   140     4 -9999     0
2022 12 25 06   215   151 10189    50   130     5 -9999     0
2022 12 25 09   204   145 10192    50   150     3 -9999     0
2022 12 25 12   205   155 10204    40   140     2 -9999     0
2022 12 25 15   205   155 10209    50   130     2 -9999     0
2022 12 25 18   202   155 10202    50   130     2 -9999     0
2022 12 25 21   199   153 10198    40   150     2 -9999     0
2022 12 26 00   208   158 10214    50   130     3 -9999     0
2022 12 26 09   211   172 10193    50   140     4 -9999     0
2022 12 26 12   212   168 10210    40   150     2 -9999     0
2022 12 26 15   211   161 10211    40   160     2 -9999     0
2022 12 26 18   212   162 10203    50   110     2 -9999     0
2022 12 26 21   209   157 10201    40   150     2 -9999     0
2022 12 27 00   209   166 10213    40   170     6 -9999     0
2022 12 27 03   224   171 10216    50   170     6 -9999     0
2022 12 27 06   233   175 10190    60   130     3 -9999     0
2022 12 27 09   224   184 10192    60   100     3 -9999     0
2022 12 27 12   222   180 10202    50   120     2 -9999     0
2022 12 27 15   214   176 10205    50   140     3 -9999     0
2022 12 27 18   215   182 10195    40   170     2 -9999     0
2022 12 27 21   216   182 10193    40   170     2 -9999     0
2022 12 28 00   213   175 10206    40   200     5 -9999     0
2022 12 28 03   219   177 10210    50   170     7 -9999     0
2022 12 28 06   221   179 10187    50    72     8 -9999 -9999
2022 12 28 09   222   175 10192    50   140     7 -9999     0
2022 12 28 12   223   183 10207    50   150     7 -9999     0
2022 12 28 15   220   185 10212    40   180     6 -9999     0
2022 12 28 18   204   192 10201    30   180     8 -9999    40
2022 12 28 21   203   188 10199    30   170     8 -9999 -9999
2022 12 29 00   212   186 10213    30   180     7 -9999 -9999
2022 12 29 06   217   187 10197    30   170     7 -9999     0
2022 12 29 09   206   174 10202    30   180     8 -9999     0
2022 12 29 15   207   174 10228    30   190     8 -9999     0
2022 12 29 21   206   166 10220    30   180     8 -9999     0
2022 12 30 00   203   170 10233    30   180     7 -9999     0
2022 12 30 03   210   163 10229    30   180     6 -9999     0
2022 12 30 06   209   166 10205    30   170     7 -9999     0
2022 12 30 09   202   160 10208    40   200     6 -9999     0
2022 12 30 12   203   155 10225    40   190     5 -9999     0
2022 12 30 15   205   156 10222    40   190     5 -9999     0
2022 12 30 18   207   167 10210    40   190     5 -9999     0
2022 12 30 21   204   165 10205    30   190     5 -9999     0
2022 12 31 00   209   167 10224    40   210     6 -9999     0
2022 12 31 03   224   176 10226    40   180     5 -9999     0
2022 12 31 06   210   174 10204    40   180     6 -9999     0
2022 12 31 09   205   175 10202    40   190 -9999 -9999     0
2022 12 31 12   202   183 10215    30   190     8 -9999 -9999
2022 12 31 15   200   187 10212    30   190     8 -9999 -9999
2022 12 31 18   198   187 10200    40    98     8 -9999 -9999
2022 12 31 21   198   192 10199    40   190     8 -9999 -9999
