2022 08 05 12   288  -326 10092   180    40     2 -9999 -9999
2022 08 05 15   276 -9999 10104   220    30     4 -9999 -9999
2022 08 05 18   277 -9999 10082   200    50     2 -9999     5
2022 08 05 21   281 -9999 10069   190    50     2 -9999 -9999
2022 08 06 00   272 -9999 10085   230    30     5 -9999 -9999
2022 08 06 03   273  -335 10084   130    30     6 -9999 -9999
2022 08 06 06   275  -333 10066   220    30     6 -9999     0
2022 08 06 09   276  -333 10062   200    60     6 -9999     0
2022 08 06 12   257 -9999 10082   260    70     6 -9999 -9999
2022 08 06 15   263 -9999 10087   250    70     8 -9999 -9999
2022 08 06 18   263 -9999 10069   230    60     6 -9999    50
2022 08 06 21   280  -330 10057   240    30     5 -9999 -9999
2022 08 07 00   278  -331 10072   210    60     6 -9999 -9999
2022 08 07 06   258 -9999 10064   240    80     6 -9999    60
2022 08 07 09   271  -336 10057   250   100     6 -9999 -9999
2022 08 07 15   253 -9999 10091   300    50     6 -9999 -9999
2022 08 07 18   282  -329 10069   220    70     6 -9999    40
2022 08 07 21   288  -326 10059   210    90     6 -9999 -9999
2022 08 08 06   282  -329 10064   220    60     8 -9999     0
2022 08 08 12   275  -333 10072   230    70     6 -9999 -9999
2022 08 09 06   262  -341 10071   250   220     6 -9999 -9999
2022 08 09 12   286  -326 10077   220   110     5 -9999 -9999
2022 08 10 09   278  -331 10074   210    70     6 -9999 -9999
2022 08 10 12   241 -9999 10099   230   140     6 -9999 -9999
2022 08 11 06   293  -321 10090   200    90     6 -9999     0
2022 08 11 12   285  -326 10104   180    60     5 -9999     0
2022 08 12 06   306  -315 10107   160    30     6 -9999     0
2022 08 12 09   308  -312 10089   210    30     6 -9999     0
2022 08 12 18   282  -329 10107   150    50     4 -9999     0
2022 08 13 03   293  -321 10115   140    50     5 -9999     0
2022 08 14 06   298  -319 10089   260    90     6 -9999     0
2022 08 14 12   261 -9999 10097   220    90     7 -9999     0
2022 08 15 03   281   -24 10102   260   140     6 -9999     0
2022 08 15 06   288  -325 10082   240    90     6 -9999     0
2022 08 15 09   288 -9999 10082   240   120     6 -9999     0
2022 08 15 12   282   -24 10085   250   120     2 -9999     0
2022 08 16 03   293  -321 10102   220   100     5 -9999     0
2022 08 16 06   297  -320 10082   210   110     5 -9999     0
2022 08 16 12   286   -24 10092   210    90     2 -9999 -9999
2022 08 16 15   287   -24 10117   210    90     3 -9999     0
2022 08 17 00   283   -24 10114   200   110     6 -9999     0
2022 08 17 03   293  -321 10112   200   110     6 -9999     0
2022 08 17 06   298  -320 10092   210   110     6 -9999     0
2022 08 17 09   295  -321 10085   220   100     6 -9999     0
2022 08 17 12   288 -9999 10092   220    70     2 -9999     0
2022 08 18 03   300  -317 10106   220    70     6 -9999     0
2022 08 18 06   298  -320 10092   220    80     6 -9999     0
2022 08 18 09   291  -324 10082   210    70     7 -9999     0
2022 08 18 12   288   -24 10092   190   100     7 -9999     0
2022 08 19 03   292  -323 10097   190   130     6 -9999     0
2022 08 19 06   295  -321 10077   180   110     5 -9999     0
2022 08 19 09   276   -24 10072   170    70     6 -9999 -9999
2022 08 19 12   283   -24 10089   180   120     3 -9999 -9999
2022 08 20 00   280   -24 10105   190   150     5 -9999 -9999
2022 08 20 06   293 -9999 10084   160   120     5 -9999     0
2022 08 20 12   286   -24 10096   140    70     2 -9999     0
2022 08 21 03   293  -321 10110   150    90     3 -9999     0
2022 08 21 06   297  -320 10091   160    90     5 -9999     0
2022 08 21 09   298  -319 10077   180    50     3 -9999     0
2022 08 21 12   290   -24 10097   210    40     2 -9999     0
2022 08 22 03   303  -317 10105   230    40     6 -9999     0
2022 08 22 06   303  -316 10089   230    50     7 -9999     0
2022 08 22 09   297   -24 10086   230    60     6 -9999     0
2022 08 23 00   288   -24 10102   210    80     5 -9999     0
2022 08 23 03   288   -24 10099   210    90     6 -9999     0
2022 08 23 06   298   -24 10080   210    90     5 -9999     0
2022 08 23 09   295   -24 10071   210   110     6 -9999     0
2022 08 23 12   285   -24 10082   220   120     3 -9999     0
2022 08 24 00   270   -24 10109   190   110     7 -9999 -9999
2022 08 24 09   288   -24 10067   210    70     6 -9999     0
2022 08 24 12   283   -24 10080   180   120     5 -9999     0
2022 08 24 15   283   -24 10100   200   110     4 -9999     0
2022 08 24 18   282   -24 10082   190   140     3 -9999     0
2022 08 24 21   282   -24 10080   180   110     2 -9999     0
2022 08 25 00   273   -24 10100   160   100     6 -9999     0
2022 08 25 03   277   -24 10110   170   140     6 -9999 -9999
2022 08 25 06   290 -9999 10095   170   130     6 -9999    50
2022 08 25 09   292  -323 10091   180    80     6 -9999 -9999
2022 08 26 00   256   -24 10115   320    40     5 -9999 -9999
2022 08 26 03   281   -24 10121   350    30     5 -9999 -9999
2022 08 26 06   297  -320 10104   120    30     6 -9999     5
2022 08 26 09   293 -9999 10096    90    30     6 -9999 -9999
2022 08 26 12   285   -24 10107    50    20     3 -9999 -9999
2022 08 26 15   282   -24 10121    30    20     2 -9999     0
2022 08 26 18   282   -24 10110    10    30     2 -9999     0
2022 08 26 21   278   -24 10097   340    30     2 -9999     0
2022 08 27 00   287   -24 10109    10    30     6 -9999     0
2022 08 27 06   263   -24 10087    40    70     6 -9999     5
2022 08 27 12   275   -24 10086    40    40     7 -9999 -9999
2022 08 27 15   278   -24 10096    50    40     3 -9999     0
2022 08 27 18   278   -24 10084    50    30     2 -9999     0
2022 08 27 21   278 -9999 10076    60    40     2 -9999     0
2022 08 28 00   295  -321 10094    90    30     5 -9999     0
2022 08 28 03   293  -323 10097    50    30     6 -9999     0
2022 08 28 09   298  -320 10076   160    30     5 -9999     0
2022 08 28 18   285   -24 10095   100    50     2 -9999     0
2022 08 28 21   283   -24 10092   100    40     2 -9999     0
2022 08 29 00   290   -24 10110   130    80     3 -9999     0
2022 08 29 09   296  -321 10091   120    80     3 -9999     0
2022 08 29 12   288   -24 10101   120    50     2 -9999     0
2022 08 29 15   287   -24 10119   100    30     2 -9999     0
2022 08 29 18   283   -24 10109    80    20     2 -9999     0
2022 08 29 21   280   -24 10104    40    10     2 -9999     0
2022 08 30 00   298  -320 10112    40    20     5 -9999 -9999
2022 08 30 03   313  -311 10111    80    30     3 -9999     0
2022 08 30 09   308  -312 10080   340    20     3 -9999     0
2022 08 30 15   287   -24 10102     0     0     2 -9999     0
2022 08 30 18   282   -24 10097    10    10     2 -9999     0
2022 08 30 21   280   -24 10092   320    30     2 -9999     0
2022 08 31 03   305 -9999 10102   260    30     3 -9999     0
2022 08 31 09   301   -24 10072   230    70     3 -9999     0
2022 08 31 12   291   -24 10087   230    40     2 -9999     0
2022 08 31 15   288   -24 10097   260    30     2 -9999     0
2022 08 31 18   286   -24 10094   250    40     2 -9999     0
2022 08 31 21   283   -24 10092   240    30     2 -9999     0
2022 09 01 00   295   -24 10107   260    30     6 -9999     0
2022 09 01 09   308   -24 10084   240    30     3 -9999     0
2022 09 01 12   293   -24 10091   270    30     2 -9999     0
2022 09 01 18   281   -24 10092   170    30     2 -9999     0
2022 09 02 00   282   -24 10105   250    30     6 -9999     0
2022 09 02 03   305  -242 10106   220    20     6 -9999     0
2022 09 02 06   313  -311 10090   210    50     7 -9999     0
2022 09 02 09   301  -317 10081   200    70     7 -9999     0
2022 09 02 12   293   -24 10092   200    70     2 -9999     0
2022 09 02 15   293   -24 10104   230    70     2 -9999     0
2022 09 02 21   290   -24 10089   210    80     2 -9999     0
2022 09 03 03   308 -9999 10094   220    80     4 -9999     0
2022 09 03 06   313  -310 10076   220    80     4 -9999     0
2022 09 03 09   306   -24 10074   230    90     6 -9999     0
2022 09 03 18   288   -24 10092   210    90     2 -9999    20
2022 09 04 03   303   -24 10102   250    80     5 -9999     0
2022 09 04 06   288   -24 10085   230   160     5 -9999     0
2022 09 04 09   292   -24 10079   250   120     4 -9999     0
2022 09 04 15   290   -24 10114   230   140     2 -9999     0
2022 09 04 21   288   -24 10087   250   150     3 -9999     0
2022 09 05 00   292   -24 10102   250   130     7 -9999 -9999
2022 09 05 06   268   -24 10090   290   170     7 -9999     0
2022 09 05 15   280   -24 10096   250   140     7 -9999     0
2022 09 05 18   288 -9999 10096   230   130     6 -9999     0
2022 09 05 21   273   -24 10082   230   140     3 -9999     0
2022 09 06 09   251   -24 10097   200    80     7 -9999 -9999
2022 09 06 12   252   -24 10106   250    30     7 -9999 -9999
2022 09 06 18   265  -267 10100   190    30     7 -9999    -1
2022 09 06 21   267  -338 10101   140    60     6 -9999 -9999
2022 09 07 00   282  -255 10117   160    90     5 -9999 -9999
2022 09 07 03   283  -328 10121   150   100     6 -9999     0
2022 09 07 06   291  -249 10102   170    90     6 -9999     0
2022 09 07 09   287  -251 10099   210    70     6 -9999     0
2022 09 07 12   280  -330 10115   220    80 -9999 -9999     0
2022 09 07 15   278  -331 10142   190    30     2 -9999     0
2022 09 07 18   268  -338 10131   260    70     5 -9999     0
2022 09 07 21   273  -334 10120   230    50     5 -9999     0
2022 09 08 03   307  -239 10137   310    20     4 -9999     0
2022 09 08 09   303  -242 10110   270    30     6 -9999     0
2022 09 08 15   288  -326 10144   330    20     3 -9999     0
2022 09 08 18   283  -328 10122   300    40     2 -9999     0
2022 09 08 21   281  -330 10114   320    20     2 -9999     0
2022 09 09 06   313  -311 10116   360    30     5 -9999     0
2022 09 09 09   305  -315 10102   360    20     5 -9999     0
2022 09 09 15   292  -323 10135     0     0     2 -9999     0
2022 09 09 21   276 -9999 10106     0     0     3 -9999     0
2022 09 10 00   296  -321 10124   140    20     6 -9999     0
2022 09 10 06   280   -24 10112   150    70     6 -9999     0
2022 09 11 06   302  -317 10101   190    70     6 -9999     0
2022 09 11 09   298  -320 10092   200    70     6 -9999     0
2022 09 11 12   288   -24 10109   190    60     3 -9999     0
2022 09 11 15   287   -24 10117   180    70     2 -9999     0
2022 09 11 18   283   -24 10104   210    30     2 -9999     0
2022 09 11 21   285   -24 10100   190    60     6 -9999     0
2022 09 12 00   288   -24 10110   210    60     6 -9999 -9999
2022 09 12 06   305  -315 10100   230    70     6 -9999     0
2022 09 12 09   302  -317 10089   250    60     5 -9999     0
2022 09 12 12   291   -24 10102   250    40     2 -9999     0
2022 09 12 15   285   -24 10117   260    60     2 -9999     0
2022 09 12 18   288   -24 10105   190    50     2 -9999     0
2022 09 12 21   286   -24 10104   210    40     2 -9999     0
2022 09 13 00   293   -24 10114   180    60     5 -9999     0
2022 09 13 06   288   -24 10107   170   130     4 -9999     0
2022 09 13 09   298   -24 10099   200    60     4 -9999     0
2022 09 13 12   291   -24 10109   210    70     2 -9999 -9999
2022 09 13 15   283   -24 10125   260    80     2 -9999     0
2022 09 13 18   287   -24 10112   220    80     2 -9999     0
2022 09 13 21   288   -24 10106   220   100     2 -9999     0
2022 09 14 00   296   -24 10122   220   100     6 -9999     0
2022 09 14 06   303 -9999 10102   240   120     6 -9999     0
2022 09 14 09   296   -24 10095   250   110     4 -9999     0
2022 09 14 18   270   -24 10104   240   120     8 -9999   140
2022 09 14 21   251   -24 10107   230   170     8 -9999 -9999
2022 09 15 00   253   -24 10115   230   120     8 -9999 -9999
2022 09 15 09   255   -24 10097   260    70     8 -9999 -9999
2022 09 15 12   258   -24 10120   230   100     8 -9999 -9999
2022 09 15 15   270   -24 10114   220   100     8 -9999 -9999
2022 09 15 18   278   -24 10089   230   160     6 -9999    40
2022 09 15 21   283   -24 10082   260   150     6 -9999 -9999
2022 09 16 00   278   -24 10092   250   160     6 -9999 -9999
2022 09 16 06   295  -321 10080   220   140     6 -9999     0
2022 09 16 09   291  -324 10070   230   110     7 -9999     0
2022 09 16 12   288  -326 10089   240   100     7 -9999     0
2022 09 16 18   288  -325 10084   220   100     8 -9999    40
2022 09 16 21   290  -324 10090   230   110     8 -9999 -9999
2022 09 17 00   243 -9999 10115   120    30     8 -9999 -9999
2022 09 17 06   282  -329 10087   210   120     7 -9999    30
2022 09 17 09   240 -9999 10089   270   110     7 -9999 -9999
2022 09 17 12   267 -9999 10094   260    80     7 -9999 -9999
2022 09 17 15   278  -331 10102   190    70     6 -9999     0
2022 09 17 18   268  -338 10087   210    30     7 -9999    30
2022 09 18 09   273  -255 10092   270   150     7 -9999     0
2022 09 18 15   283  -328 10107   230   100     6 -9999     0
2022 09 18 18   283  -328 10100   230    70     6 -9999     0
2022 09 18 21   283  -328 10097   240    90     6 -9999     0
2022 09 19 00   291  -249 10107   220    90     6 -9999     0
2022 09 19 03   298  -245 10112   210    80     6 -9999     0
2022 09 19 06   273  -242 10091   250   120     6 -9999     0
2022 09 19 09   277  -331 10084   240    90     6 -9999 -9999
2022 09 19 15   275  -333 10111   220    90     2 -9999 -9999
2022 09 19 18   281  -330 10095   200   110     2 -9999    20
2022 09 19 21   281  -330 10087   220   100     2 -9999 -9999
2022 09 20 00   288  -325 10102   220   100     5 -9999 -9999
2022 09 20 03   293  -323 10109   210   110     5 -9999     0
2022 09 20 09   292  -323 10082   230   120     5 -9999     0
2022 09 20 12   287  -326 10096   200   100     2 -9999     0
2022 09 20 15   283  -329 10112   190    90 -9999 -9999     0
2022 09 20 21   276  -333 10089   210    80     5 -9999 -9999
2022 09 21 03   283  -329 10114   230    80     6 -9999 -9999
2022 09 21 09   268  -336 10090   250    70     7 -9999 -9999
2022 09 21 12   256 -9999 10111   200   140     7 -9999 -9999
2022 09 21 15   273  -335 10112   190   110     7 -9999     0
2022 09 21 18   277  -331 10092   200    90     4 -9999    -1
2022 09 21 21   278  -331 10097   200    80     2 -9999     0
2022 09 22 03   301  -317 10119   220    50     5 -9999     0
2022 09 22 06   300  -317 10091   200    60     5 -9999     0
2022 09 22 09   302  -317 10089   230    50     5 -9999     0
2022 09 22 12   288  -325 10105   230    70     2 -9999     0
2022 09 22 15   286  -326 10124   250    60     2 -9999     0
2022 09 22 18   281  -330 10110   240    50     2 -9999     0
2022 09 22 21   278  -331 10101   230    60     2 -9999     0
2022 09 23 03   298  -320 10121   230    50     6 -9999     0
2022 09 23 09   296  -321 10092   240    50     6 -9999     0
2022 09 23 12   285  -326 10104   270    50     3 -9999     0
2022 09 23 15   271   -24 10120   310    50     5 -9999     0
2022 09 23 18   273   -24 10096   260    50     6 -9999     0
2022 09 23 21   276   -24 10085   240    50     5 -9999 -9999
2022 09 24 00   287 -9999 10099   230    50     6 -9999 -9999
2022 09 24 03   266   -24 10106   230    20     6 -9999 -9999
2022 09 24 09   282   -24 10072   270    80     6 -9999 -9999
2022 09 24 12   277   -24 10087   290    80     5 -9999 -9999
2022 09 24 15   286   -24 10092   290   100     2 -9999     0
2022 09 24 18   277   -24 10077   270    70     3 -9999    20
2022 09 24 21   273   -24 10072   270   200     6 -9999 -9999
2022 09 25 00   275   -24 10092   250   100     7 -9999 -9999
2022 09 25 03   258   -24 10099   290   180     7 -9999 -9999
2022 09 25 06   278   -24 10072   290   190     6 -9999   110
2022 09 25 12   278   -24 10082   270   170     7 -9999 -9999
2022 09 25 15   278   -24 10095   270   120     7 -9999 -9999
2022 09 25 18   281   -24 10071   260   150     6 -9999    20
2022 09 26 00   286  -326 10074   280   190     7 -9999 -9999
2022 09 26 09   276  -333 10041   280   170     7 -9999 -9999
2022 09 26 12   268 -9999 10055   260   160     7 -9999 -9999
2022 09 26 15   280  -330 10069   250   140     7 -9999     0
2022 09 26 21   281  -330 10045   240   120     3 -9999     0
2022 09 27 03   281  -330 10064   220   160     5 -9999     0
2022 09 27 06   290  -324 10042   220   140     6 -9999     0
2022 09 27 09   268  -338 10045   200   160     7 -9999 -9999
2022 09 27 18   282  -329 10055   210   170     5 -9999     0
2022 09 27 21   278  -331 10047   200   150     5 -9999     0
2022 09 28 00   282  -329 10062   220   130     7 -9999     0
2022 09 28 06   240 -9999 10070   250   180     8 -9999   250
2022 09 28 09   253 -9999 10075   230   180     8 -9999 -9999
2022 09 28 15   268  -336 10101   170    60     8 -9999     0
2022 09 28 21   275  -333 10082   220    80     6 -9999     0
2022 09 29 00   263  -341 10096   200   110     6 -9999     0
2022 09 29 03   288  -325 10104   220    60     7 -9999     0
2022 09 29 09   285  -326 10080   180    70     7 -9999     0
2022 09 29 12   283  -329 10102   160    30     4 -9999     0
2022 09 29 15   281  -330 10122   130    50     2 -9999     0
2022 09 29 18   281  -330 10107   130    40     3 -9999     0
2022 09 29 21   263  -340 10114   160   110     6 -9999 -9999
2022 09 30 00   275  -333 10121   180    70     6 -9999 -9999
2022 09 30 03   287  -326 10127   180    70     6 -9999     0
2022 09 30 06   286  -326 10106   150   110     6 -9999     0
2022 09 30 09   280  -330 10102   160    60     6 -9999     0
2022 09 30 12   278  -331 10112    10    10     7 -9999 -9999
2022 09 30 15   276  -333 10117    60    30     5 -9999     0
2022 09 30 18   273  -335 10107    40    10     5 -9999     0
2022 09 30 21   273  -335 10106    50    20     6 -9999     0
2022 10 01 00   270  -336 10125   110    30     5 -9999 -9999
2022 10 01 06   301  -317 10105    50    50     6 -9999     0
2022 10 01 09   300  -317 10099    70    30     6 -9999     0
2022 10 01 12   283  -328 10109    40    30     2 -9999     0
2022 10 01 15   280  -330 10112    40    30     2 -9999     0
2022 10 01 18   278  -331 10100    40    30     2 -9999     0
2022 10 01 21   278  -331 10094    60    40     2 -9999     0
2022 10 02 00   281  -330 10106    70    40     5 -9999     0
2022 10 02 12   288  -326 10096    40    40     2 -9999     0
2022 10 02 18   283  -328 10092    40    30     3 -9999     0
2022 10 02 21   281  -330 10085    50    20     4 -9999     0
2022 10 03 00   273 -9999 10102    60    30     6 -9999 -9999
2022 10 03 03   301  -317 10104    80    30     7 -9999     0
2022 10 03 06   283  -329 10086    60    30     7 -9999     0
2022 10 03 09   292  -323 10084    40    20     7 -9999 -9999
2022 10 03 15   278 -9999 10109    70    30     7 -9999 -9999
2022 10 03 18   275 -9999 10105    90    70     6 -9999    10
2022 10 03 21   273 -9999 10092   110    50     5 -9999 -9999
2022 10 04 00   288  -325 10120    90    50     6 -9999 -9999
2022 10 04 06   303  -316 10102   170    30     6 -9999     0
2022 10 04 09   266 -9999 10111    60    20     7 -9999 -9999
2022 10 04 12   271 -9999 10120    10    10     7 -9999 -9999
2022 10 04 15   273 -9999 10127    10    20     7 -9999     0
2022 10 04 18   276 -9999 10112    10    20     6 -9999     0
2022 10 04 21   273 -9999 10107    30    30     4 -9999     0
2022 10 05 00   288  -325 10122    40    30     6 -9999     0
2022 10 05 06   315  -309 10105    40    20     7 -9999     0
2022 10 05 15   283   -24 10127    50    40     3 -9999     0
2022 10 05 18   266 -9999 10112     0     0     2 -9999    20
2022 10 05 21   278 -9999 10109    60    30     2 -9999 -9999
2022 10 06 00   296  -321 10122    50    30     5 -9999 -9999
2022 10 06 06   308  -312 10097    10    30     5 -9999     0
2022 10 06 12   283   -24 10107    50    21     5 -9999 -9999
2022 10 06 18   270   -24 10105    50    30     6 -9999    20
2022 10 06 21   281   -24 10097    30    30     6 -9999 -9999
2022 10 07 00   291 -9999 10116    80    30     6 -9999 -9999
2022 10 07 03   300  -317 10117    90    30     7 -9999     0
2022 10 07 06   313  -310 10094    60    50     6 -9999     0
2022 10 07 09   298  -320 10089    60    50     6 -9999     0
2022 10 07 18   285   -24 10109    60    20     3 -9999     0
2022 10 08 00   296  -321 10115    70    30     4 -9999     0
2022 10 08 09   270   -24 10095    50    30     7 -9999 -9999
2022 10 08 12   287 -9999 10117   100    30     6 -9999 -9999
2022 10 08 15   287   -24 10122   140    30     6 -9999     0
2022 10 08 18   280   -24 10109    30    10     4 -9999     0
2022 10 09 00   293   -24 10122   330    20     6 -9999     0
2022 10 09 03   308 -9999 10132   350    30     6 -9999     0
2022 10 09 06   298   -24 10110   360    30     7 -9999     0
2022 10 09 15   272   -24 10134   230    70     6 -9999     0
2022 10 09 18   272   -24 10114   270    70     7 -9999    40
2022 10 09 21   272   -24 10107   260    50     5 -9999 -9999
2022 10 10 00   278   -24 10125   290    60     6 -9999 -9999
2022 10 10 03   293   -24 10132   290    30     6 -9999     0
2022 10 10 06   297   -24 10107   300    60     6 -9999     0
2022 10 10 09   288   -24 10106    20    10     7 -9999     0
2022 10 10 12   278   -24 10112   250    20     7 -9999     0
2022 10 10 18   278   -24 10105    20    20     6 -9999     0
2022 10 10 21   276   -24 10104    50    20     5 -9999     0
2022 10 11 00   293   -24 10116    30    10     5 -9999     0
2022 10 11 03   292   -24 10117   360    30     6 -9999     0
2022 10 11 06   306   -24 10092   270    30     6 -9999     0
2022 10 11 09   282   -24 10082   340    10     6 -9999 -9999
2022 10 11 15   282   -24 10102   320    50     3 -9999     0
2022 10 11 21   277   -24 10076   300    80     5 -9999     0
2022 10 12 00   265   -24 10089   320    70     5 -9999 -9999
2022 10 12 06   288   -24 10072   310    80     6 -9999     0
2022 10 12 09   276   -24 10075   310   110     6 -9999 -9999
2022 10 12 15   273   -24 10074   300    90     4 -9999     0
2022 10 12 18   267   -24 10056   290   180     5 -9999     0
2022 10 12 21   265   -24 10052   280   120     5 -9999 -9999
2022 10 13 00   277   -24 10062   270   150     6 -9999     0
2022 10 13 03   292   -24 10071   240   110     6 -9999     0
2022 10 13 06   292   -24 10052   240   100     6 -9999     0
2022 10 13 09   287   -24 10047   240   110     7 -9999     0
2022 10 13 15   280   -24 10067   240   100     2 -9999     0
2022 10 13 18   280   -24 10059   240   100     2 -9999     0
2022 10 14 06   258   -24 10069   220   150     7 -9999    10
2022 10 14 09   278   -24 10061   190   120     7 -9999 -9999
2022 10 14 12   273   -24 10067   220   120     7 -9999 -9999
2022 10 14 15   280   -24 10077   200   100     6 -9999     0
2022 10 14 18   282   -24 10070   210    90     5 -9999     0
2022 10 14 21   283   -24 10074   210   100     4 -9999     0
2022 10 15 00   277   -24 10087   190   160     6 -9999     0
2022 10 15 06   302 -9999 10076   240    60     6 -9999     0
2022 10 15 09   288   -24 10072   220    70     6 -9999     0
2022 10 15 12   283   -24 10082   240    60     5 -9999 -9999
2022 10 15 15   285   -24 10097   240    50     4 -9999     0
2022 10 15 21   277   -24 10081   240    70     5 -9999 -9999
2022 10 16 00   286   -24 10100   250    70     5 -9999 -9999
2022 10 16 09   286   -24 10085   230    60     6 -9999 -9999
2022 10 16 12   283   -24 10104   280   100     2 -9999 -9999
2022 10 16 15   283   -24 10112   280   100     2 -9999     0
2022 10 16 18   282   -24 10094   270   130     5 -9999     0
2022 10 17 03   293   -24 10102   280   110     6 -9999     0
2022 10 17 06   288   -24 10081   320    80     6 -9999     0
2022 10 17 09   286   -24 10077   310    70     6 -9999     0
2022 10 17 12   278   -24 10094   360    40     2 -9999     0
2022 10 17 15   283   -24 10099   310    70     2 -9999     0
2022 10 17 18   281   -24 10084   300   130     3 -9999     0
2022 10 18 00   283   -24 10094   310    90     5 -9999     0
2022 10 18 03   292   -24 10102   300    90     5 -9999     0
2022 10 18 06   293   -24 10085   300   100     6 -9999     0
2022 10 18 09   291   -24 10075   310    70     5 -9999     0
2022 10 18 12   285   -24 10097   320    50     2 -9999     0
2022 10 18 15   283   -24 10105   320    60     3 -9999     0
2022 10 18 18   278   -24 10091   320    60     2 -9999     0
2022 10 18 21   276   -24 10087   320    50     5 -9999     0
2022 10 19 00   283   -24 10107   320    30     6 -9999     0
2022 10 19 03   298   -24 10116   330    40     6 -9999     0
2022 10 19 06   296 -9999 10095   320    40     6 -9999     0
2022 10 19 12   246   246 10116    20    10     2 -9999     0
2022 10 19 21   262   262 10112    10    20     2 -9999     0
2022 10 20 00 -9999 -9999 -9999    10    20     5 -9999     0
2022 10 20 03   283   283 10135   360    30     5 -9999     0
2022 10 20 06   277   277 10112   350    30     6 -9999     0
2022 10 20 09 -9999 -9999 10111   360    20     6 -9999     0
2022 10 20 12   253   253 10126    20    20     4 -9999     0
2022 10 20 15   251   250 10136   360    20     6 -9999     0
2022 10 20 18   281   280 10117   350    30     2 -9999     0
2022 10 21 03   271   271 10139    20    30     7 -9999     0
2022 10 21 06   278   278 10114    10    30     7 -9999     0
2022 10 21 12   285   283 10130    20    30     3 -9999     0
2022 10 21 15   253   253 10136    50    20     2 -9999     0
2022 10 21 18   255   253 10120    50    20     3 -9999     0
2022 10 21 21   253   253 10114    30    20     2 -9999     0
2022 10 22 00   265   265 10135    70    20     5 -9999     0
2022 10 22 06   273   273 10114   130    20     5 -9999     0
2022 10 22 09   270   270 10106    30    20     5 -9999     0
2022 10 22 15   258   258 10135    10    10     2 -9999     0
2022 10 22 18   253   253 10119     0     0     2 -9999     0
2022 10 22 21   252   251 10111    20    20     3 -9999     0
2022 10 23 00   242   241 10129    30    20     3 -9999     0
2022 10 23 06   273   273 10107   320    30     6 -9999     0
2022 10 23 09   266   266 10102   330    30     6 -9999     0
2022 10 23 12   260   258 10112   330    30     3 -9999     0
2022 10 23 15   258   258 10117   320    40     3 -9999     0
2022 10 23 21   262   262 10092   360    30     3 -9999     0
2022 10 24 00   258   258 10112   350    20     6 -9999     0
2022 10 24 03   270   270 10121   360    30     6 -9999     0
2022 10 24 15   258   258 10117    50    20     2 -9999     0
2022 10 24 18   248   248 10107   160    50     2 -9999     0
2022 10 24 21   252   251 10097     0     0     2 -9999     0
2022 10 25 00   255   253 10117   280    20     6 -9999     0
2022 10 25 06   272   271 10104   250    40     6 -9999     0
2022 10 25 09   263   263 10097   290    30     6 -9999     0
2022 10 25 12   258   258 10112   330    20     3 -9999     0
2022 10 25 15   258   258 10119    10    10     3 -9999     0
2022 10 25 18   253   253 10107    20    20     5 -9999     0
2022 10 26 00   258   258 10112    30    20     6 -9999     0
2022 10 26 03   275   273 10116    30    20     6 -9999     0
2022 10 26 06   251   250 10096    20    30     6 -9999 -9999
2022 10 26 09   237   236 10091    30    30     7 -9999 -9999
2022 10 26 12   251   250 10102   270    20     7 -9999 -9999
2022 10 26 18   236   236 10097   280    50     8 -9999   250
2022 10 27 00   233   233 10101   320    20     8 -9999 -9999
2022 10 27 06   250   248 10081   270    30     6 -9999    70
2022 10 27 12   245   243 10095   320    20     6 -9999 -9999
2022 10 27 15   242   241 10096    10    30     8 -9999 -9999
2022 10 27 18   237   236 10086   340    80     8 -9999    10
2022 10 28 03   256   255 10091    20    40     7 -9999     0
2022 10 28 06   277   277 10067    40    40     7 -9999     0
2022 10 28 15   256   255 10082    70    10     3 -9999     0
2022 10 28 18   253   253 10065   170    10     2 -9999     0
2022 10 28 21   247   246 10056   300    10     3 -9999     0
2022 10 29 03   253   253 10081   240    40     7 -9999     0
2022 10 29 06   253   253 10057   250    60     7 -9999     0
2022 10 29 09   245   243 10056   280   110     7 -9999 -9999
2022 10 29 15   243   243 10072   290   110     8 -9999     0
2022 10 29 18   246   246 10056   290    90     7 -9999     0
2022 10 29 21   245   243 10051   300   170     8 -9999     0
2022 10 30 00   246   246 10070   280   130     7 -9999     0
2022 10 30 06   235   235 10056   290   130     8 -9999   170
2022 10 30 09   256   255 10045   310   170     7 -9999 -9999
2022 10 30 12   256   255 10070   300   180     7 -9999 -9999
2022 10 30 15   253   253 10062   300   220     7 -9999     0
2022 10 30 18   255   253 10049   310   210     5 -9999     0
2022 10 30 21   248   248 10057   310   190     4 -9999     0
2022 10 31 00   253   253 10071   300   190     6 -9999     0
2022 10 31 06   253   253 10059   310   170     6 -9999     0
2022 10 31 09   253   253 10072   310   150     7 -9999     0
2022 10 31 15   252   251 10087   300   190     6 -9999     0
2022 10 31 18   248   248 10089   300   150     2 -9999     0
2022 10 31 21   248   248 10087   300   140     2 -9999     0
2022 11 01 00   248   248 10112   310   100     7 -9999     0
2022 11 01 03   256   255 10117   300    80     7 -9999     0
2022 11 01 06   253   253 10097   290   100     7 -9999     0
2022 11 01 09   256   255 10089   300   120     7 -9999     0
2022 11 01 12   251   250 10106   300   130     6 -9999     0
2022 11 01 15   250   248 10112   300    90     4 -9999     0
2022 11 01 18   248   248 10097   310    80     6 -9999     0
2022 11 02 00   258   258 10125   310    60     6 -9999     0
2022 11 02 03   257   257 10129   320    50     7 -9999     0
2022 11 02 09   238   238 10102    10    30     7 -9999     0
2022 11 02 15   251   250 10127    20    30     2 -9999     0
2022 11 02 18   252   251 10112    30    20     2 -9999     0
2022 11 02 21   243   243 10107    30    20     4 -9999     0
2022 11 03 00   242   241 10127    50    20     5 -9999     0
2022 11 03 03   267   266 10136    40    30     5 -9999     0
2022 11 03 06   265   265 10117    30    30     5 -9999     0
2022 11 03 09   256   255 10116    30    50     5 -9999     0
2022 11 03 15   260   258 10139    30    40     2 -9999     0
2022 11 04 00   261   260 10140    40    50     6 -9999     0
2022 11 04 03   268   268 10145    40    50     5 -9999     0
2022 11 04 06   270   270 10127    30    50     5 -9999     0
2022 11 04 09   257   257 10122    20    50     5 -9999     0
2022 11 04 15   252   251 10142    10    60     2 -9999     0
2022 11 04 18   248   248 10127   360    80     2 -9999     0
2022 11 04 21   253   253 10127    20    80     4 -9999     0
2022 11 05 00   230   228 10147    30    30     8 -9999 -9999
2022 11 05 09   251   250 10124   360    50     7 -9999 -9999
2022 11 05 15   250   248 10147    20    40     6 -9999 -9999
2022 11 05 18   241   240 10122    10    60     6 -9999   140
2022 11 05 21   250   248 10119   360    50     6 -9999 -9999
2022 11 06 00   252   251 10139    20    70     6 -9999 -9999
2022 11 06 03   267   266 10141    30    60     6 -9999     0
2022 11 06 06   267   266 10114    30    50     6 -9999     0
2022 11 06 09   261   260 10107    10    50     6 -9999     0
2022 11 06 12   245   243 10127    20    30     6 -9999 -9999
2022 11 06 15   255   253 10132    10    50     3 -9999     0
2022 11 06 18   243   243 10117    10    50     2 -9999    -1
2022 11 06 21   256   255 10112    20    50     4 -9999     0
2022 11 07 00   250   248 10127    10    50     7 -9999     0
2022 11 07 03   262   262 10132   360    70     6 -9999     0
2022 11 07 06   267   266 10107    10    60     6 -9999     0
2022 11 07 15   255   253 10125    10    50     5 -9999     0
2022 11 07 18   252   251 10109    10    60     7 -9999     0
2022 11 07 21   251   250 10102    10    50     6 -9999 -9999
2022 11 08 03   272   271 10130    20    50     6 -9999     0
2022 11 08 06   268   268 10107    20    50     6 -9999     0
2022 11 08 12   253   253 10115    30    50     5 -9999 -9999
2022 11 08 15   253   253 10122    30    60     7 -9999 -9999
2022 11 08 18   248   248 10110    10    30     5 -9999    30
2022 11 08 21   251   250 10104    10    30     6 -9999 -9999
2022 11 09 06   276   275 10107    40    60     6 -9999    50
2022 11 09 12   258   258 10115    20    30     4 -9999 -9999
2022 11 09 15   262   262 10124    40    60     6 -9999     0
2022 11 09 18   257   257 10111    40    50     5 -9999     0
2022 11 09 21   258   258 10107    40    30     5 -9999     0
2022 11 10 06   273   273 10102    30    30     6 -9999     0
2022 11 10 09   263   263 10092    30    50     6 -9999     0
2022 11 10 15   258   258 10116    40    40     8 -9999     0
2022 11 10 18   233   233 10107    30    10     8 -9999   170
2022 11 10 21   235   235 10097    80    50     8 -9999 -9999
2022 11 11 00   223   223 10125    80    70     8 -9999 -9999
2022 11 11 03   265   265 10117    50    50     7 -9999 -9999
2022 11 11 06   267   266 10099    40    40     7 -9999    -1
2022 11 11 09   262   262 10099    20    20     6 -9999     0
2022 11 11 15   250   248 10116    40    30     5 -9999 -9999
2022 11 11 18   257   257 10102    50    30     5 -9999     5
2022 11 11 21   253   253 10091    70    30     7 -9999 -9999
2022 11 12 00   257   257 10111    60    50     6 -9999 -9999
2022 11 12 09   238   238 10092    90    30     4 -9999 -9999
2022 11 12 12   253   253 10110   130    50     2 -9999 -9999
2022 11 12 15   262   262 10117    80    30     3 -9999 -9999
2022 11 12 18   256   255 10106    90    30     2 -9999    10
2022 11 12 21   253   253 10102    90    10     2 -9999 -9999
2022 11 13 00   258   258 10126   160    40     6 -9999 -9999
2022 11 13 06   277   277 10100    40    20     6 -9999    70
2022 11 13 09   266   266 10092    40    40     6 -9999 -9999
2022 11 13 21   268   268 10101    30    50     2 -9999     0
2022 11 14 00   270   270 10117    40    40     5 -9999     0
2022 11 14 03   277   277 10119    40    50     6 -9999     0
2022 11 14 06   258   258 10092    40    70     6 -9999     0
2022 11 14 09   272   271 10090    40    50     2 -9999     0
2022 11 14 15   263   263 10109    40    30     2 -9999     0
2022 11 14 18   266   266 10097    30    50     2 -9999     0
2022 11 14 21   258   258 10096    40    50     2 -9999     0
2022 11 15 00   275   273 10114    40    50     6 -9999     0
2022 11 15 03   272   271 10117    30    60     6 -9999     0
2022 11 15 06   345   344 10094    30    50     6 -9999     0
2022 11 15 09   258   258 10091    30    40     6 -9999     0
2022 11 17 21   253   253 10090   130    60     7 -9999 -9999
2022 11 18 00   285   283 10101    40    60     6 -9999 -9999
2022 11 18 03   285   283 10102    30    50     8 -9999 -9999
2022 11 18 15   272  -262 10096    60    70     8 -9999 -9999
2022 11 18 18   252  -275 10087    50    60     8 -9999   130
2022 11 18 21   241  -282 10081   110    80     8 -9999 -9999
2022 11 19 00   263  -267 10091    70    60     7 -9999 -9999
2022 11 19 15   280  -257 10085   100    50     5 -9999     0
2022 11 19 18   280  -257 10066   100    60     4 -9999     0
2022 11 19 21   266  -266 10067   160   120     4 -9999 -9999
2022 11 20 00   263  -267 10087   160   150     8 -9999 -9999
2022 11 20 06   283   253 10074   120    30     7 -9999    30
2022 11 20 09   288   246 10076   140    60     6 -9999 -9999
2022 11 20 12   265   245 10093   170   130     8 -9999 -9999
2022 11 20 15   275   255 10103   150   130     7 -9999     0
2022 11 20 18   254   245 10089   130    90     8 -9999   130
2022 11 20 21   268   261 10083   150   120     8 -9999 -9999
2022 11 21 00   281   261 10101   150   120     6 -9999 -9999
2022 11 21 03   275   257 10109   120   110     7 -9999 -9999
2022 11 21 06   293   264 10088   140   120     8 -9999    80
2022 11 21 09   284   256 10081   150   150     6 -9999 -9999
2022 11 21 12   276   250 10106   150   120     5 -9999 -9999
2022 11 21 15   271   260 10115   150    70     5 -9999 -9999
2022 11 21 18   273   259 10099   140    40     5 -9999    40
2022 11 21 21   274   256 10100   140   120     3 -9999 -9999
2022 11 22 00   272   248 10118   140   130     7 -9999 -9999
2022 11 22 03   282   252 10128   120   110     6 -9999     0
2022 11 22 06   261   245 10113   210    90     8 -9999    20
2022 11 22 09   244   237 10107   150    40     8 -9999 -9999
2022 11 22 12   260   246 10119    90    10     5 -9999 -9999
2022 11 22 15   268   246 10128    90    30     5 -9999     0
2022 11 22 18   273 -9999 10102   100    20     5 -9999     0
2022 11 22 21   272   252 10116    70    10     3 -9999     0
2022 11 23 00   293 -9999 10126    70    10     6 -9999     0
2022 11 23 03   301   244 10141    80    30     6 -9999     0
2022 11 23 06   310   243 10118    10    20     5 -9999     0
2022 11 23 15   278 -9999 10125    50    30     2 -9999     0
2022 11 23 18   278 -9999 10117    60    20     2 -9999     0
2022 11 23 21   276 -9999 10109    50    30     2 -9999     0
2022 11 24 00   293 -9999 10122    70    30     5 -9999     0
2022 11 24 06   308   263 10123   100    40     3 -9999     0
2022 11 24 09   294   258 10118   120    30     5 -9999     0
2022 11 25 00   266   252 10149    40    50     7 -9999 -9999
2022 11 25 03   238   235 10165    10    60     8 -9999 -9999
2022 11 25 06   250   238 10130    30    30     8 -9999   340
2022 11 25 12   263   232 10130    50    50     4 -9999 -9999
2022 11 25 15   264   239 10134    70    40     6 -9999     0
2022 11 25 21   269   246 10124   120    80     5 -9999     0
2022 11 26 00   286   256 10141   130    70     6 -9999     0
2022 11 26 03   300   255 10144   130    90     5 -9999     0
2022 11 26 06   305   253 10121   140    60     5 -9999     0
2022 11 26 09   295   253 10116   130    40     4 -9999     0
2022 11 26 12   282   250 10126   110    10     2 -9999     0
2022 11 26 15   278   250 10131    50    20     2 -9999     0
2022 11 26 18   276   250 10121    80    30     2 -9999     0
2022 11 27 00   265   251 10141    50    60     6 -9999 -9999
2022 11 27 03   293   258 10138    40    20     6 -9999 -9999
2022 11 27 06   295   257 10115   360    20     6 -9999     5
2022 11 27 15   276   248 10128    60    40     2 -9999     0
2022 11 28 00   280   250 10139    60    40     5 -9999     0
2022 11 28 06   308   256 10116    50    40     5 -9999     0
2022 11 28 09   305   249 10111    40    40     3 -9999     0
2022 11 28 15   279   251 10131    40    50     2 -9999     0
2022 11 29 00   283   253 10129    50    50     3 -9999     0
2022 11 29 03   302   256 10134    50    50     3 -9999     0
2022 11 29 06   302   249 10108    40    40     3 -9999     0
2022 11 29 09   295   248 10108    40    50     3 -9999     0
2022 11 29 15   280   250 10123    30    60     2 -9999     0
2022 11 30 00   285   251 10125    40    70     5 -9999     0
2022 11 30 06   298   249 10106    40    80     6 -9999     0
2022 11 30 09   293   247 10099    40    80     5 -9999     0
2022 11 30 15   286   256 10121    40    80     4 -9999     0
2022 12 01 00   285   255 10116    40    70     5 -9999     0
2022 12 01 06   298   262 10095    40    40     6 -9999    20
2022 12 01 09   278   238 10091    40    80     6 -9999 -9999
2022 12 01 15   280   252 10115    50    70     6 -9999 -9999
2022 12 02 00   265   249 10115    40    50     7 -9999 -9999
2022 12 02 06   248   238 10101    60    80     8 -9999   310
2022 12 02 09   252   242 10095    50    60     8 -9999 -9999
2022 12 02 12   263   245 10100    40    70     8 -9999 -9999
2022 12 02 15   270   245 10111    30    50     8 -9999     0
2022 12 02 18   264   252 10099    40    70     8 -9999    20
2022 12 03 00   284   252 10109    40    80     5 -9999 -9999
2022 12 03 09   290   248 10091    50    60     5 -9999 -9999
2022 12 03 15   283   253 10120    50    50     3 -9999     0
2022 12 03 18   280   252 10111    50    30     2 -9999     0
2022 12 04 00   268   254 10131    70    40     6 -9999 -9999
2022 12 04 06   290   258 10114    20    40     5 -9999     5
2022 12 04 09   286   256 10106    20    30     6 -9999 -9999
2022 12 04 15   279   251 10131    50    40     4 -9999     0
2022 12 04 18   277   251 10113    50    40     2 -9999     0
2022 12 04 21   277   253 10108    50    30     2 -9999     0
2022 12 05 06   307 -9999 10099    40    50     3 -9999     0
2022 12 05 09   296   254 10101    30    60     5 -9999     0
2022 12 05 12   287   255 10115    40    60     2 -9999     0
2022 12 05 18   278   250 10105    30    50     2 -9999     0
2022 12 06 00   286   252 10118    40    60     6 -9999     0
2022 12 06 03   300   259 10123    50    40     6 -9999     0
2022 12 06 06   295   258 10096    50    70     6 -9999     0
2022 12 06 12   285   258 10105    60    60     3 -9999 -9999
2022 12 06 18   279   253 10101    60    30     2 -9999     0
2022 12 07 09   295   249 10096    40    50     2 -9999     0
2022 12 07 12   286 -9999 10104    50    60     2 -9999     0
2022 12 07 15   283   251 10119    40    50     2 -9999     0
2022 12 07 18   280   250 10108    40    50     2 -9999     0
2022 12 08 09   302   255 10093    60    20     2 -9999     0
2022 12 08 12   283   247 10105    50    30     2 -9999     0
2022 12 08 15   280   246 10113    30    30     2 -9999     0
2022 12 08 18   278   248 10101    20    20     2 -9999     0
2022 12 09 06   293   251 10090   330    30     5 -9999     0
2022 12 09 09   277 -9999 10072   340    50     5 -9999     0
2022 12 09 15   270   241 10105    20    50     5 -9999     0
2022 12 09 18   268   239 10096    30    30     3 -9999     0
2022 12 10 00   273   246 10109   340    40     5 -9999     0
2022 12 10 06   253   239 10105    20    40     8 -9999   180
2022 12 10 12   277   249 10115   360    90     6 -9999 -9999
2022 12 10 15   276   248 10121   360   100     6 -9999     0
2022 12 10 18   274   248 10111   360    80     3 -9999     0
2022 12 11 00   276   244 10126   360    90     5 -9999     0
2022 12 11 06   278 -9999 10102   360   110     6 -9999     0
2022 12 11 09   276   238 10111   350    80     6 -9999     0
2022 12 11 15   271   242 10129   360   100     4 -9999     0
2022 12 11 18   268   241 10115   360   100     4 -9999     0
2022 12 11 21   265   240 10116   340    80     3 -9999     0
2022 12 12 00   274   243 10133   340    90     5 -9999     0
2022 12 12 06   278   230 10116   330   100     6 -9999     0
2022 12 12 15   265   236 10128   330    60     6 -9999     0
2022 12 12 18   261   234 10116   330    40     2 -9999     0
2022 12 13 00   275   237 10123   270    10     6 -9999     0
2022 12 13 06   278   236 10103   150    40     3 -9999     0
2022 12 13 09   278   234 10103   110    30     5 -9999     0
2022 12 13 12   273   235 10121    70    30     6 -9999     0
2022 12 13 18   270   241 10120    60    30     4 -9999     0
2022 12 14 00   273   240 10133    40    30     3 -9999     0
2022 12 14 06   293   246 10116    20    40     3 -9999     0
2022 12 14 09   292   250 10111    20    30     5 -9999     0
2022 12 14 12   276   244 10126    10    30     2 -9999     0
2022 12 14 15   275   246 10126    30    50     2 -9999     0
2022 12 14 18   274   245 10111    10    40     2 -9999     0
2022 12 15 00   276   242 10118   360    40     5 -9999     0
2022 12 15 03   277   258 10120    10    30     6 -9999 -9999
2022 12 15 06   287   253 10091    10    40     6 -9999    30
2022 12 15 09   288   260 10086    30    40     5 -9999 -9999
2022 12 15 12   281   251 10103    30    30     3 -9999 -9999
2022 12 15 15   279   247 10108    30    50     2 -9999     0
2022 12 15 18   277   247 10096    40    50     2 -9999     0
2022 12 16 06   293   259 10096    30    50     5 -9999     0
2022 12 16 09   288   261 10089    30    60     6 -9999     0
2022 12 16 15   281   251 10111    40    60     6 -9999     0
2022 12 16 18   278   250 10096    40    70     5 -9999     0
2022 12 16 21   278   252 10096    40    60     3 -9999     0
2022 12 17 00   285   253 10121    40    70     6 -9999     0
2022 12 17 06   292   266 10110    30    70     8 -9999     5
2022 12 17 09   280   258 10108    20    90     8 -9999 -9999
2022 12 17 18   272   245 10110    30    90     5 -9999     0
2022 12 17 21   275   247 10101    30    80     3 -9999     0
2022 12 18 00   283   251 10113    30    80     3 -9999     0
2022 12 18 12   266   239 10110    30    90     3 -9999     0
2022 12 18 15   269   240 10111    30   110     3 -9999     0
2022 12 18 18   268   241 10099    30    80     2 -9999     0
2022 12 18 21   270   245 10088    20    60     5 -9999 -9999
2022 12 19 00   253   246 10116    50    60     8 -9999 -9999
2022 12 19 06   273 -9999 10079    40    90     6 -9999   280
2022 12 19 09   280   250 10081    40   100     6 -9999 -9999
2022 12 19 12   280   246 10098    40    90     5 -9999 -9999
2022 12 19 18   270   248 10086    30    80     7 -9999    20
2022 12 19 21   274   247 10081    30    90     6 -9999 -9999
2022 12 20 00   272   245 10100    30    90     7 -9999 -9999
2022 12 20 06   246   239 10086    80    60     8 -9999   190
2022 12 20 09   245 -9999 10071    50    20     8 -9999 -9999
2022 12 20 12   272   249 10101    30    50     8 -9999 -9999
2022 12 20 15   275   246 10100    10    70     7 -9999     0
2022 12 20 18   273   246 10081    10    70     7 -9999     0
2022 12 20 21   272   248 10071    10   100     7 -9999     0
2022 12 21 00   278   248 10093    10    90     7 -9999     0
2022 12 21 06   274   248 10074   360   150     8 -9999    90
2022 12 21 09   282   252 10075    10   110     8 -9999 -9999
2022 12 21 12   270   243 10096    10   100     7 -9999 -9999
2022 12 21 15   220   218 10094   360   110     7 -9999     0
2022 12 21 18   266   239 10090   360   170     7 -9999     0
2022 12 21 21   266   241 10088   360   100     7 -9999     0
2022 12 22 00   272   234 10096   360   170     7 -9999     0
2022 12 22 06   278   230 10086    10   100     6 -9999     0
2022 12 22 09   272   226 10088   360   130     7 -9999     0
2022 12 22 12   270   235 10106   350    80     3 -9999     0
2022 12 22 15   269   238 10114   360    90     3 -9999     0
2022 12 22 18   267   238 10093   350   100     3 -9999     0
2022 12 22 21   266   241 10089   360   120     2 -9999     0
2022 12 23 00   277   245 10119   360    90     3 -9999     0
2022 12 23 06   292   243 10094   350   100     5 -9999     0
2022 12 23 09   285   239 10091   340   110     6 -9999     0
2022 12 23 15   279   247 10118    10   100     6 -9999     0
2022 12 23 18   277   247 10104   360   140     6 -9999     0
2022 12 23 21   275   247 10106    10    90     5 -9999     0
2022 12 24 12   274   241 10116   360   150     7 -9999     0
2022 12 24 15   271   240 10121    10    80     7 -9999     0
2022 12 24 18   267   238 10110    10    90     7 -9999     0
2022 12 24 21   263   263 10094   360   130     7 -9999     0
2022 12 25 00   260   237 10123    10    90     7 -9999 -9999
2022 12 25 03   268   245 10138    20   100     8 -9999     0
2022 12 25 06   245   235 10117    10    80     8 -9999    60
2022 12 25 09   250   240 10113    20   120     8 -9999 -9999
2022 12 25 15   264   242 10139    30   110     8 -9999 -9999
2022 12 25 18   260   239 10129    20    80     8 -9999    10
2022 12 25 21   268   245 10126   350   100     8 -9999 -9999
2022 12 26 00   258   258 10135    10    80     8 -9999 -9999
2022 12 26 09   273   255 10138   360    90     8 -9999 -9999
2022 12 26 12   272   254 10148   360   100     8 -9999 -9999
2022 12 26 15   275   247 10156   360   110     8 -9999     0
2022 12 26 18   277   249 10148    20    60     8 -9999     0
2022 12 26 21   277   251 10140    30    50     8 -9999     0
2022 12 27 00   282   250 10146    30    60     7 -9999     0
2022 12 27 06   275   244 10130    50    60     7 -9999     0
2022 12 27 12   272   241 10138    50    20     7 -9999     0
2022 12 27 15   273   244 10145   120    50     7 -9999     0
2022 12 27 18   260   251 10136   190    50     8 -9999   120
2022 12 27 21   254   249 10129   260    60     8 -9999 -9999
2022 12 28 00   255   246 10147   330    30     8 -9999 -9999
2022 12 28 09   265   249 10126   160    80     8 -9999 -9999
2022 12 28 12   262   242 10144    90    20     8 -9999 -9999
2022 12 28 15   274   250 10150    70    30     6 -9999     0
2022 12 28 18   278   254 10141    50    30     6 -9999     0
2022 12 28 21   260   255 10134   140    20     8 -9999 -9999
2022 12 29 00   277   255 10150   160    70     6 -9999 -9999
2022 12 29 03   283   247 10154    40    40     5 -9999     0
2022 12 29 09   267   255 10130    40    60     6 -9999 -9999
2022 12 29 15   259   238 10162    40    90     7 -9999     0
2022 12 29 21   245   242 10145    30    70     8 -9999 -9999
2022 12 30 00   248   246 10157    30    60     8 -9999 -9999
2022 12 30 06   254   249 10126   360   150     8 -9999   120
2022 12 30 09   260   253 10123   350    90     8 -9999 -9999
2022 12 30 15   267   251 10133    10    90     8 -9999 -9999
2022 12 30 21   263   247 10111    10    60     8 -9999 -9999
2022 12 31 00   271   247 10136    70    70     7 -9999 -9999
2022 12 31 06   295   253 10124   100    40     5 -9999     0
2022 12 31 15   278   256 10151    80    20     5 -9999 -9999
2022 12 31 21   274   250 10133    70    20     5 -9999 -9999
